FORM_R_IUPAC10
! j(FORM_R) IUPAC(2010)                                            
! FORM = 2 HO2 + CO                                                
! From IUPAC Subcommittee on Gas Kinetic Data Evaluation           
! Data Sheet P1, updated 16th May, 2002                            
!These are point values                                            
Begining (the mechanism evaluated with this format)
!WL(nm) XSEC(cm2) QY
FAC=1.0
280.0 2.340E-20 0.596
281.0 1.560E-20 0.616
282.0 9.730E-21 0.637
283.0 7.220E-21 0.658
284.0 4.260E-20 0.677
285.0 4.050E-20 0.691
286.0 2.100E-20 0.706
287.0 1.150E-20 0.721
288.0 3.170E-20 0.735
289.0 3.220E-20 0.743
290.0 1.170E-20 0.733
291.0 1.840E-20 0.723
292.0 7.970E-21 0.712
293.0 3.130E-20 0.702
294.0 7.150E-20 0.691
295.0 4.050E-20 0.681
296.0 2.470E-20 0.671
297.0 1.370E-20 0.660
298.0 4.220E-20 0.650
299.0 3.170E-20 0.650
300.0 9.640E-21 0.684
301.0 1.620E-20 0.717
302.0 8.540E-21 0.742
303.0 3.020E-20 0.764
304.0 7.220E-20 0.770
305.0 4.750E-20 0.732
306.0 4.290E-20 0.694
307.0 1.780E-20 0.699
308.0 1.380E-20 0.720
309.0 3.250E-20 0.732
310.0 1.740E-20 0.720
311.0 4.620E-21 0.707
312.0 1.190E-20 0.707
313.0 9.060E-21 0.712
314.0 5.640E-20 0.711
315.0 5.570E-20 0.694
316.0 2.560E-20 0.677
317.0 5.780E-20 0.672
318.0 3.150E-20 0.670
319.0 9.780E-21 0.668
320.0 1.190E-20 0.666
321.0 1.600E-20 0.664
322.0 7.220E-21 0.643
323.0 3.280E-21 0.616
324.0 8.580E-21 0.589
325.0 1.580E-20 0.562
326.0 6.880E-20 0.535
327.0 4.370E-20 0.482
328.0 1.220E-20 0.420
329.0 3.120E-20 0.383
330.0 3.870E-20 0.425
331.0 1.410E-20 0.466
332.0 3.470E-21 0.427
333.0 2.140E-21 0.361
334.0 1.590E-21 0.287
335.0 9.670E-22 0.192
336.0 1.260E-21 0.096
337.0 3.830E-21 0.063
338.0 1.920E-20 0.050
339.0 5.380E-20 0.033
340.0 3.150E-20 0.000
