GLYF_RACM2
! GLY + HV = HCHO + CO 
! RACM2 Photolysis data  
! Supplied by Dr. Wendy Goliff
! Reformatted by Dr. Golam Sarwar to make it compatible with CMAQ
Points 
! With FAC, units are (cm^2/molecule)
FAC=1.0
186.1  0.000E+00  0.000
187.8  0.000E+00  0.000
189.6  0.000E+00  0.000
191.4  0.000E+00  0.000
193.3  0.000E+00  0.000
195.2  0.000E+00  0.000
197.1  0.000E+00  0.000
199.0  0.000E+00  0.000
201.0  0.000E+00  0.000
203.1  0.000E+00  0.000
205.2  0.000E+00  0.000
207.3  0.000E+00  0.000
209.4  0.000E+00  0.000
211.7  0.000E+00  0.000
213.9  0.000E+00  0.000
216.2  0.000E+00  0.000
218.6  0.000E+00  0.000
221.0  0.000E+00  0.000
223.5  0.000E+00  0.000
226.0  0.000E+00  0.203
228.6  0.000E+00  0.213
231.3  0.000E+00  0.226
234.0  0.000E+00  0.240
236.7  0.000E+00  0.253
239.6  0.000E+00  0.269
242.5  0.000E+00  0.280
245.4  0.000E+00  0.293
248.5  0.000E+00  0.307
251.6  0.150E-19  0.320
254.8  0.166E-19  0.334
258.2  0.183E-19  0.346
261.5  0.199E-19  0.357
265.0  0.226E-19  0.369
268.5  0.242E-19  0.382
272.2  0.274E-19  0.394
275.9  0.306E-19  0.407
279.8  0.312E-19  0.420
283.7  0.353E-19  0.427
287.8  0.381E-19  0.436
292.0  0.365E-19  0.444
296.3  0.385E-19  0.453
300.5  0.397E-19  0.457
303.0  0.357E-19  0.459
304.0  0.335E-19  0.459
305.0  0.324E-19  0.460
306.0  0.322E-19  0.460
307.0  0.320E-19  0.459
308.0  0.315E-19  0.459
309.0  0.312E-19  0.458
310.0  0.310E-19  0.458
311.0  0.322E-19  0.457
312.0  0.334E-19  0.456
313.0  0.339E-19  0.454
314.0  0.323E-19  0.453
316.0  0.265E-19  0.448
320.0  0.185E-19  0.433
325.0  0.160E-19  0.408
330.0  0.169E-19  0.379
335.0  0.737E-20  0.337
340.0  0.553E-20  0.279
345.0  0.624E-20  0.204
350.0  0.391E-20  0.150
355.0  0.422E-20  0.108
360.0  0.546E-20  0.072
365.0  0.665E-20  0.040
370.0  0.114E-19  0.022
375.0  0.133E-19  0.014
380.0  0.193E-19  0.011
385.0  0.189E-19  0.008
390.0  0.348E-19  0.007
395.0  0.386E-19  0.005
400.0  0.387E-19  0.004
405.0  0.449E-19  0.003
410.0  0.566E-19  0.002
415.0  0.102E-18  0.001
420.0  0.560E-19  0.000
425.0  0.104E-18  0.000
430.0  0.703E-19  0.000
435.0  0.766E-19  0.000
440.0  0.259E-18  0.000
445.0  0.151E-18  0.000
450.0  0.868E-19  0.000
455.0  0.520E-18  0.000
460.0  0.120E-19  0.000
465.0  0.330E-20  0.000
470.0  0.760E-21  0.000
475.0  0.159E-20  0.000
480.0  0.740E-21  0.000
485.0  0.500E-21  0.000
490.0  0.450E-21  0.000
495.0  0.420E-21  0.000
500.0  0.330E-21  0.000
505.0  0.350E-21  0.000
510.0  0.230E-21  0.000
515.0  0.530E-21  0.000
520.0  0.100E-20  0.000
525.0  0.400E-22  0.000
530.0  0.000E+00  0.000
535.0  0.000E+00  0.000
540.0  0.000E+00  0.000
545.0  0.000E+00  0.000
550.0  0.000E+00  0.000
555.0  0.000E+00  0.000
560.0  0.000E+00  0.000
565.0  0.000E+00  0.000
570.0  0.000E+00  0.000
575.0  0.000E+00  0.000
580.0  0.000E+00  0.000
585.0  0.000E+00  0.000
590.0  0.000E+00  0.000
595.0  0.000E+00  0.000
600.0  0.000E+00  0.000
605.0  0.000E+00  0.000
610.0  0.000E+00  0.000
615.0  0.000E+00  0.000
620.0  0.000E+00  0.000
625.0  0.000E+00  0.000
630.0  0.000E+00  0.000
635.0  0.000E+00  0.000
640.0  0.000E+00  0.000
644.8  0.000E+00  0.000
651.0  0.000E+00  0.000
660.0  0.000E+00  0.000
670.0  0.000E+00  0.000
680.0  0.000E+00  0.000
690.0  0.000E+00  0.000
700.0  0.000E+00  0.000
710.0  0.000E+00  0.000
720.0  0.000E+00  0.000
730.0  0.000E+00  0.000