HNO4_NASA94
! Pernitric Acid Photolysis (HNO4)
! HNO4 + hv -> HO2 + NO2  
! Taken from the original RADM data, with NASA (1994) updates
! format:  wl, abs_cs, qy
Centered
! With FAC, units are (cm^2/molecule)
FAC=1.0
 186.100  0.000E+00  1.000E+00
 187.800  6.754E-18  1.000E+00
 189.600  1.010E-17  1.000E+00
 191.400  1.010E-17  1.000E+00
 193.200  8.360E-18  1.000E+00
 195.100  8.160E-18  1.000E+00
 197.000  7.483E-18  1.000E+00
 199.000  5.630E-18  1.000E+00
 201.000  5.630E-18  1.000E+00
 203.100  4.126E-18  1.000E+00
 205.100  3.670E-18  1.000E+00
 207.300  3.173E-18  1.000E+00
 209.400  2.390E-18  1.000E+00
 211.600  2.297E-18  1.000E+00
 213.900  1.610E-18  1.000E+00
 216.200  1.610E-18  1.000E+00
 218.600  1.200E-18  1.000E+00
 221.000  1.180E-18  1.000E+00
 223.500  9.623E-19  1.000E+00
 226.000  9.350E-19  1.000E+00
 228.600  8.044E-19  1.000E+00
 231.200  7.896E-19  1.000E+00
 233.900  6.820E-19  1.000E+00
 236.700  6.605E-19  1.000E+00
 239.500  5.810E-19  1.000E+00
 242.400  5.371E-19  1.000E+00
 245.400  4.890E-19  1.000E+00
 248.500  4.266E-19  1.000E+00
 251.600  3.990E-19  1.000E+00
 254.800  3.500E-19  1.000E+00
 258.100  3.063E-19  1.000E+00
 261.400  2.744E-19  1.000E+00
 264.900  2.300E-19  1.000E+00
 268.500  1.923E-19  1.000E+00
 272.100  1.623E-19  1.000E+00
 275.900  1.310E-19  1.000E+00
 279.700  9.300E-20  1.000E+00
 283.700  6.824E-20  1.000E+00
 287.800  4.892E-20  1.000E+00
 292.000  3.331E-20  1.000E+00
 296.300  2.172E-20  1.000E+00
 300.500  1.400E-20  1.000E+00
 303.000  9.000E-21  1.000E+00
 304.000  9.000E-21  1.000E+00
 305.000  9.000E-21  1.000E+00
 306.000  9.000E-21  1.000E+00
 307.000  9.000E-21  1.000E+00
 308.000  5.000E-21  1.000E+00
 309.000  5.000E-21  1.000E+00
 310.000  5.000E-21  1.000E+00
 311.000  5.000E-21  1.000E+00
 312.000  5.000E-21  1.000E+00
 313.000  3.000E-21  1.000E+00
 314.000  3.000E-21  1.000E+00
 316.000  3.000E-21  1.000E+00
 320.000  2.000E-21  1.000E+00
 325.000  1.000E-21  1.000E+00
 330.000  0.000E+00  1.000E+00

