HNO4-06         
! HO2NO2 + HV = PRODUCTS                                                         
! NASA (2006)                                                                    
!                                                                                
Points (the mechanism evaluated with this format)                                
! With FAC, units are (cm^2/molecule)                                            
FAC=1.0                                                                          
280.0 9.290E-20 1.0000
282.0 8.110E-20 1.0000
284.0 6.930E-20 1.0000
286.0 5.860E-20 1.0000
288.0 4.910E-20 1.0000
290.0 3.950E-20 1.0000
292.0 3.370E-20 1.0000
294.0 2.780E-20 1.0000
296.0 2.300E-20 1.0000
298.0 1.910E-20 1.0000
300.0 1.520E-20 1.0000
302.0 1.280E-20 1.0000
304.0 1.050E-20 1.0000
306.0 8.530E-21 1.0000
308.0 7.020E-21 1.0000
310.0 5.510E-21 1.0000
312.0 4.650E-21 1.0000
314.0 3.800E-21 1.0000
316.0 3.130E-21 1.0000
318.0 2.650E-21 1.0000
320.0 2.160E-21 1.0000
322.0 1.840E-21 1.0000
324.0 1.520E-21 1.0000
326.0 1.280E-21 1.0000
328.0 1.100E-21 1.0000
330.0 9.260E-22 1.0000
332.0 7.880E-22 1.0000
334.0 6.500E-22 1.0000
336.0 5.400E-22 1.0000
338.0 4.560E-22 1.0000
340.0 3.720E-22 1.0000
342.0 3.200E-22 1.0000
344.0 2.680E-22 1.0000
346.0 2.280E-22 1.0000
348.0 1.980E-22 1.0000
350.0 1.680E-22 1.0000
352.0 1.380E-22 1.0000
360.0 0.000E+00 1.0000
