MB3_IUPAC10
! CHBR3 + HV = 3BR
! CHBR3 Photolysis data  
! Supplied by Golam Sarwar 
! Created from IUPAC dataset 
Points (these data can be treated as point values)
! With FAC, units are (cm^2/molecule)
FAC=1.0
190.0 3.990E-18 1.000
192.0 3.600E-18 1.000
194.0 3.510E-18 1.000
196.0 3.660E-18 1.000
198.0 3.930E-18 1.000
200.0 4.160E-18 1.000
202.0 4.330E-18 1.000
204.0 4.400E-18 1.000
206.0 4.450E-18 1.000
208.0 4.510E-18 1.000
210.0 4.680E-18 1.000
212.0 4.930E-18 1.000
214.0 5.240E-18 1.000
216.0 5.530E-18 1.000
218.0 5.740E-18 1.000
220.0 5.820E-18 1.000
222.0 5.780E-18 1.000
224.0 5.580E-18 1.000
226.0 5.270E-18 1.000
228.0 4.870E-18 1.000
230.0 4.410E-18 1.000
232.0 3.970E-18 1.000
234.0 3.620E-18 1.000
236.0 3.240E-18 1.000
238.0 2.950E-18 1.000
240.0 2.730E-18 1.000
242.0 2.530E-18 1.000
244.0 2.340E-18 1.000
246.0 2.140E-18 1.000
248.0 1.940E-18 1.000
250.0 1.740E-18 1.000
252.0 1.580E-18 1.000
254.0 1.360E-18 1.000
256.0 1.160E-18 1.000
258.0 9.860E-19 1.000
260.0 8.280E-19 1.000
262.0 6.890E-19 1.000
264.0 5.690E-19 1.000
266.0 4.670E-19 1.000
268.0 3.800E-19 1.000
270.0 3.080E-19 1.000
272.0 2.480E-19 1.000
274.0 1.980E-19 1.000
276.0 1.580E-19 1.000
278.0 1.250E-19 1.000
280.0 9.880E-20 1.000
282.0 7.770E-20 1.000
284.0 6.100E-20 1.000
286.0 4.810E-20 1.000
288.0 3.750E-20 1.000
290.0 2.880E-20 1.000
292.0 2.220E-20 1.000
294.0 1.700E-20 1.000
296.0 1.280E-20 1.000
298.0 9.510E-21 1.000
300.0 7.190E-21 1.000
302.0 5.300E-21 1.000
304.0 3.940E-21 1.000
306.0 2.980E-21 1.000
308.0 2.260E-21 1.000
310.0 1.710E-21 1.000
312.0 1.270E-21 1.000
314.0 9.500E-22 1.000
316.0 7.100E-22 1.000
318.0 5.300E-22 1.000
320.0 3.900E-22 1.000
322.0 2.900E-22 1.000
324.0 2.100E-22 1.000
326.0 1.600E-22 1.000
328.0 9.000E-23 1.000
330.0 9.000E-23 1.000
332.0 7.000E-23 1.000
334.0 5.000E-23 1.000
336.0 4.000E-23 1.000
338.0 3.000E-23 1.000
340.0 2.000E-23 1.000