MGLY_ABS
! Methyl Glyoxal Absorption Cross Sections
! SAPRC-99 Photolysis data.  Supplied by William P. L. Carter.
! Created from PhotDat.xls on 29-Jan-2000 10:07
Points (the mechanism was evaluated assuming this format)
! With FAC, units are (cm^2/molecule)
FAC=1.0
219.0 9.840E-21 1.000
219.5 1.040E-20 1.000
220.0 1.060E-20 1.000
220.5 1.110E-20 1.000
221.0 1.150E-20 1.000
221.5 1.180E-20 1.000
222.0 1.220E-20 1.000
222.5 1.240E-20 1.000
223.0 1.260E-20 1.000
223.5 1.260E-20 1.000
224.0 1.250E-20 1.000
224.5 1.240E-20 1.000
225.0 1.250E-20 1.000
225.5 1.270E-20 1.000
226.0 1.270E-20 1.000
226.5 1.290E-20 1.000
227.0 1.310E-20 1.000
227.5 1.320E-20 1.000
228.0 1.350E-20 1.000
228.5 1.370E-20 1.000
229.0 1.400E-20 1.000
229.5 1.420E-20 1.000
230.0 1.480E-20 1.000
230.5 1.530E-20 1.000
231.0 1.570E-20 1.000
231.5 1.590E-20 1.000
232.0 1.610E-20 1.000
232.5 1.620E-20 1.000
233.0 1.610E-20 1.000
233.5 1.680E-20 1.000
234.0 1.740E-20 1.000
234.5 1.800E-20 1.000
235.0 1.840E-20 1.000
235.5 1.870E-20 1.000
236.0 1.890E-20 1.000
236.5 1.910E-20 1.000
237.0 1.930E-20 1.000
237.5 1.940E-20 1.000
238.0 1.960E-20 1.000
238.5 1.960E-20 1.000
239.0 2.010E-20 1.000
239.5 2.040E-20 1.000
240.0 2.080E-20 1.000
240.5 2.100E-20 1.000
241.0 2.140E-20 1.000
241.5 2.160E-20 1.000
242.0 2.190E-20 1.000
242.5 2.200E-20 1.000
243.0 2.230E-20 1.000
243.5 2.260E-20 1.000
244.0 2.280E-20 1.000
244.5 2.290E-20 1.000
245.0 2.300E-20 1.000
245.5 2.320E-20 1.000
246.0 2.330E-20 1.000
246.5 2.350E-20 1.000
247.0 2.380E-20 1.000
247.5 2.410E-20 1.000
248.0 2.460E-20 1.000
248.5 2.510E-20 1.000
249.0 2.570E-20 1.000
249.5 2.610E-20 1.000
250.0 2.650E-20 1.000
250.5 2.670E-20 1.000
251.0 2.690E-20 1.000
251.5 2.690E-20 1.000
252.0 2.710E-20 1.000
252.5 2.720E-20 1.000
253.0 2.730E-20 1.000
253.5 2.740E-20 1.000
254.0 2.760E-20 1.000
254.5 2.780E-20 1.000
255.0 2.820E-20 1.000
255.5 2.870E-20 1.000
256.0 2.930E-20 1.000
256.5 2.980E-20 1.000
257.0 3.070E-20 1.000
257.5 3.120E-20 1.000
258.0 3.170E-20 1.000
258.5 3.210E-20 1.000
259.0 3.260E-20 1.000
259.5 3.280E-20 1.000
260.0 3.290E-20 1.000
260.5 3.310E-20 1.000
261.0 3.330E-20 1.000
261.5 3.340E-20 1.000
262.0 3.360E-20 1.000
262.5 3.380E-20 1.000
263.0 3.420E-20 1.000
263.5 3.440E-20 1.000
264.0 3.480E-20 1.000
264.5 3.540E-20 1.000
265.0 3.590E-20 1.000
265.5 3.650E-20 1.000
266.0 3.730E-20 1.000
266.5 3.800E-20 1.000
267.0 3.870E-20 1.000
267.5 3.950E-20 1.000
268.0 4.020E-20 1.000
268.5 4.080E-20 1.000
269.0 4.130E-20 1.000
269.5 4.170E-20 1.000
270.0 4.200E-20 1.000
270.5 4.220E-20 1.000
271.0 4.220E-20 1.000
271.5 4.220E-20 1.000
272.0 4.230E-20 1.000
272.5 4.240E-20 1.000
273.0 4.270E-20 1.000
273.5 4.290E-20 1.000
274.0 4.310E-20 1.000
274.5 4.330E-20 1.000
275.0 4.370E-20 1.000
275.5 4.420E-20 1.000
276.0 4.480E-20 1.000
276.5 4.560E-20 1.000
277.0 4.640E-20 1.000
277.5 4.710E-20 1.000
278.0 4.780E-20 1.000
278.5 4.830E-20 1.000
279.0 4.870E-20 1.000
279.5 4.900E-20 1.000
280.0 4.920E-20 1.000
280.5 4.930E-20 1.000
281.0 4.940E-20 1.000
281.5 4.920E-20 1.000
282.0 4.900E-20 1.000
282.5 4.860E-20 1.000
283.0 4.830E-20 1.000
283.5 4.790E-20 1.000
284.0 4.760E-20 1.000
284.5 4.720E-20 1.000
285.0 4.700E-20 1.000
285.5 4.680E-20 1.000
286.0 4.660E-20 1.000
286.5 4.650E-20 1.000
287.0 4.650E-20 1.000
287.5 4.680E-20 1.000
288.0 4.730E-20 1.000
288.5 4.780E-20 1.000
289.0 4.840E-20 1.000
289.5 4.890E-20 1.000
290.0 4.920E-20 1.000
290.5 4.920E-20 1.000
291.0 4.900E-20 1.000
291.5 4.860E-20 1.000
292.0 4.810E-20 1.000
292.5 4.750E-20 1.000
293.0 4.700E-20 1.000
293.5 4.650E-20 1.000
294.0 4.580E-20 1.000
294.5 4.480E-20 1.000
295.0 4.380E-20 1.000
295.5 4.270E-20 1.000
296.0 4.170E-20 1.000
296.5 4.070E-20 1.000
297.0 3.990E-20 1.000
297.5 3.940E-20 1.000
298.0 3.880E-20 1.000
298.5 3.820E-20 1.000
299.0 3.760E-20 1.000
299.5 3.720E-20 1.000
300.0 3.690E-20 1.000
300.5 3.680E-20 1.000
301.0 3.700E-20 1.000
301.5 3.720E-20 1.000
302.0 3.740E-20 1.000
302.5 3.740E-20 1.000
303.0 3.750E-20 1.000
303.5 3.710E-20 1.000
304.0 3.620E-20 1.000
304.5 3.510E-20 1.000
305.0 3.380E-20 1.000
305.5 3.250E-20 1.000
306.0 3.150E-20 1.000
306.5 3.040E-20 1.000
307.0 2.920E-20 1.000
307.5 2.800E-20 1.000
308.0 2.710E-20 1.000
308.5 2.630E-20 1.000
309.0 2.520E-20 1.000
309.5 2.430E-20 1.000
310.0 2.340E-20 1.000
310.5 2.250E-20 1.000
311.0 2.190E-20 1.000
311.5 2.120E-20 1.000
312.0 2.060E-20 1.000
312.5 2.020E-20 1.000
313.0 1.960E-20 1.000
313.5 1.920E-20 1.000
314.0 1.910E-20 1.000
314.5 1.880E-20 1.000
315.0 1.860E-20 1.000
315.5 1.850E-20 1.000
316.0 1.860E-20 1.000
316.5 1.870E-20 1.000
317.0 1.870E-20 1.000
317.5 1.870E-20 1.000
318.0 1.830E-20 1.000
318.5 1.750E-20 1.000
319.0 1.690E-20 1.000
319.5 1.600E-20 1.000
320.0 1.500E-20 1.000
320.5 1.410E-20 1.000
321.0 1.340E-20 1.000
321.5 1.270E-20 1.000
322.0 1.210E-20 1.000
322.5 1.180E-20 1.000
323.0 1.140E-20 1.000
323.5 1.080E-20 1.000
324.0 1.010E-20 1.000
324.5 9.620E-21 1.000
325.0 9.280E-21 1.000
325.5 8.750E-21 1.000
326.0 8.490E-21 1.000
326.5 8.210E-21 1.000
327.0 7.710E-21 1.000
327.5 7.380E-21 1.000
328.0 7.180E-21 1.000
328.5 6.860E-21 1.000
329.0 6.710E-21 1.000
329.5 6.630E-21 1.000
330.0 6.460E-21 1.000
330.5 6.290E-21 1.000
331.0 6.210E-21 1.000
331.5 6.180E-21 1.000
332.0 6.200E-21 1.000
332.5 5.490E-21 1.000
333.0 5.210E-21 1.000
333.5 5.380E-21 1.000
334.0 5.350E-21 1.000
334.5 5.040E-21 1.000
335.0 4.940E-21 1.000
335.5 4.900E-21 1.000
336.0 4.520E-21 1.000
336.5 4.260E-21 1.000
337.0 4.110E-21 1.000
337.5 3.760E-21 1.000
338.0 3.610E-21 1.000
338.5 3.580E-21 1.000
339.0 3.470E-21 1.000
339.5 3.320E-21 1.000
340.0 3.220E-21 1.000
340.5 3.100E-21 1.000
341.0 3.000E-21 1.000
341.5 2.940E-21 1.000
342.0 2.890E-21 1.000
342.5 2.860E-21 1.000
343.0 2.880E-21 1.000
343.5 2.880E-21 1.000
344.0 2.890E-21 1.000
344.5 2.910E-21 1.000
345.0 2.950E-21 1.000
345.5 3.000E-21 1.000
346.0 3.080E-21 1.000
346.5 3.180E-21 1.000
347.0 3.250E-21 1.000
347.5 3.300E-21 1.000
348.0 3.390E-21 1.000
348.5 3.510E-21 1.000
349.0 3.630E-21 1.000
349.5 3.730E-21 1.000
350.0 3.850E-21 1.000
350.5 3.990E-21 1.000
351.0 4.270E-21 1.000
351.5 4.470E-21 1.000
352.0 4.630E-21 1.000
352.5 4.780E-21 1.000
353.0 4.920E-21 1.000
353.5 5.070E-21 1.000
354.0 5.230E-21 1.000
354.5 5.390E-21 1.000
355.0 5.560E-21 1.000
355.5 5.770E-21 1.000
356.0 5.970E-21 1.000
356.5 6.150E-21 1.000
357.0 6.350E-21 1.000
357.5 6.560E-21 1.000
358.0 6.760E-21 1.000
358.5 6.950E-21 1.000
359.0 7.200E-21 1.000
359.5 7.440E-21 1.000
360.0 7.640E-21 1.000
360.5 7.890E-21 1.000
361.0 8.150E-21 1.000
361.5 8.430E-21 1.000
362.0 8.710E-21 1.000
362.5 9.020E-21 1.000
363.0 9.330E-21 1.000
363.5 9.650E-21 1.000
364.0 1.000E-20 1.000
364.5 1.040E-20 1.000
365.0 1.080E-20 1.000
365.5 1.110E-20 1.000
366.0 1.150E-20 1.000
366.5 1.190E-20 1.000
367.0 1.230E-20 1.000
367.5 1.270E-20 1.000
368.0 1.310E-20 1.000
368.5 1.350E-20 1.000
369.0 1.400E-20 1.000
369.5 1.440E-20 1.000
370.0 1.470E-20 1.000
370.5 1.510E-20 1.000
371.0 1.550E-20 1.000
371.5 1.590E-20 1.000
372.0 1.640E-20 1.000
372.5 1.700E-20 1.000
373.0 1.730E-20 1.000
373.5 1.770E-20 1.000
374.0 1.810E-20 1.000
374.5 1.860E-20 1.000
375.0 1.900E-20 1.000
375.5 1.960E-20 1.000
376.0 2.020E-20 1.000
376.5 2.060E-20 1.000
377.0 2.100E-20 1.000
377.5 2.140E-20 1.000
378.0 2.180E-20 1.000
378.5 2.240E-20 1.000
379.0 2.300E-20 1.000
379.5 2.370E-20 1.000
380.0 2.420E-20 1.000
380.5 2.470E-20 1.000
381.0 2.540E-20 1.000
381.5 2.620E-20 1.000
382.0 2.690E-20 1.000
382.5 2.790E-20 1.000
383.0 2.880E-20 1.000
383.5 2.960E-20 1.000
384.0 3.020E-20 1.000
384.5 3.100E-20 1.000
385.0 3.200E-20 1.000
385.5 3.290E-20 1.000
386.0 3.390E-20 1.000
386.5 3.510E-20 1.000
387.0 3.620E-20 1.000
387.5 3.690E-20 1.000
388.0 3.700E-20 1.000
388.5 3.770E-20 1.000
389.0 3.880E-20 1.000
389.5 3.970E-20 1.000
390.0 4.030E-20 1.000
390.5 4.120E-20 1.000
391.0 4.220E-20 1.000
391.5 4.290E-20 1.000
392.0 4.300E-20 1.000
392.5 4.380E-20 1.000
393.0 4.470E-20 1.000
393.5 4.550E-20 1.000
394.0 4.560E-20 1.000
394.5 4.590E-20 1.000
395.0 4.670E-20 1.000
395.5 4.800E-20 1.000
396.0 4.870E-20 1.000
396.5 4.960E-20 1.000
397.0 5.080E-20 1.000
397.5 5.190E-20 1.000
398.0 5.230E-20 1.000
398.5 5.390E-20 1.000
399.0 5.460E-20 1.000
399.5 5.540E-20 1.000
400.0 5.590E-20 1.000
400.5 5.770E-20 1.000
401.0 5.910E-20 1.000
401.5 5.990E-20 1.000
402.0 6.060E-20 1.000
402.5 6.200E-20 1.000
403.0 6.350E-20 1.000
403.5 6.520E-20 1.000
404.0 6.540E-20 1.000
404.5 6.640E-20 1.000
405.0 6.930E-20 1.000
405.5 7.150E-20 1.000
406.0 7.190E-20 1.000
406.5 7.320E-20 1.000
407.0 7.580E-20 1.000
407.5 7.880E-20 1.000
408.0 7.970E-20 1.000
408.5 7.910E-20 1.000
409.0 8.110E-20 1.000
409.5 8.410E-20 1.000
410.0 8.530E-20 1.000
410.5 8.590E-20 1.000
411.0 8.600E-20 1.000
411.5 8.800E-20 1.000
412.0 9.040E-20 1.000
412.5 9.450E-20 1.000
413.0 9.340E-20 1.000
413.5 9.370E-20 1.000
414.0 9.630E-20 1.000
414.5 9.710E-20 1.000
415.0 9.700E-20 1.000
415.5 9.650E-20 1.000
416.0 9.690E-20 1.000
416.5 9.890E-20 1.000
417.0 1.000E-19 1.000
417.5 1.020E-19 1.000
418.0 1.000E-19 1.000
418.5 1.020E-19 1.000
419.0 1.010E-19 1.000
419.5 1.010E-19 1.000
420.0 1.030E-19 1.000
420.5 1.010E-19 1.000
421.0 1.040E-19 1.000
421.5 1.050E-19 1.000
422.0 1.060E-19 1.000
422.5 1.040E-19 1.000
423.0 1.050E-19 1.000
423.5 1.050E-19 1.000
424.0 1.010E-19 1.000
424.5 1.010E-19 1.000
425.0 1.050E-19 1.000
425.5 1.030E-19 1.000
426.0 1.020E-19 1.000
426.5 1.010E-19 1.000
427.0 9.770E-20 1.000
427.5 9.810E-20 1.000
428.0 1.000E-19 1.000
428.5 1.020E-19 1.000
429.0 9.890E-20 1.000
429.5 9.850E-20 1.000
430.0 1.040E-19 1.000
430.5 1.080E-19 1.000
431.0 1.050E-19 1.000
431.5 1.020E-19 1.000
432.0 9.640E-20 1.000
432.5 1.010E-19 1.000
433.0 1.060E-19 1.000
433.5 1.090E-19 1.000
434.0 1.040E-19 1.000
434.5 1.030E-19 1.000
435.0 1.070E-19 1.000
435.5 1.160E-19 1.000
436.0 1.090E-19 1.000
436.5 1.110E-19 1.000
437.0 9.810E-20 1.000
437.5 9.710E-20 1.000
438.0 1.060E-19 1.000
438.5 1.160E-19 1.000
439.0 1.080E-19 1.000
439.5 1.050E-19 1.000
440.0 9.700E-20 1.000
440.5 1.010E-19 1.000
441.0 1.040E-19 1.000
441.5 1.070E-19 1.000
442.0 1.020E-19 1.000
442.5 9.680E-20 1.000
443.0 1.000E-19 1.000
443.5 1.140E-19 1.000
444.0 1.130E-19 1.000
444.5 1.030E-19 1.000
445.0 9.740E-20 1.000
445.5 8.460E-20 1.000
446.0 8.700E-20 1.000
446.5 9.970E-20 1.000
447.0 1.010E-19 1.000
447.5 9.150E-20 1.000
448.0 9.410E-20 1.000
448.5 8.990E-20 1.000
449.0 1.100E-19 1.000
449.5 9.120E-20 1.000
450.0 8.560E-20 1.000
450.5 8.280E-20 1.000
451.0 6.150E-20 1.000
451.5 5.560E-20 1.000
452.0 6.470E-20 1.000
452.5 7.270E-20 1.000
453.0 5.750E-20 1.000
453.5 5.080E-20 1.000
454.0 4.380E-20 1.000
454.5 3.810E-20 1.000
455.0 3.610E-20 1.000
455.5 3.610E-20 1.000
456.0 3.130E-20 1.000
456.5 2.720E-20 1.000
457.0 2.440E-20 1.000
457.5 2.220E-20 1.000
458.0 1.820E-20 1.000
458.5 1.430E-20 1.000
459.0 1.320E-20 1.000
459.5 1.050E-20 1.000
460.0 8.950E-21 1.000
460.5 8.900E-21 1.000
461.0 7.940E-21 1.000
461.5 7.040E-21 1.000
462.0 6.460E-21 1.000
462.5 5.630E-21 1.000
463.0 4.780E-21 1.000
463.5 3.940E-21 1.000
464.0 3.260E-21 1.000
464.5 2.970E-21 1.000
465.0 2.650E-21 1.000
465.5 2.460E-21 1.000
466.0 2.270E-21 1.000
466.5 2.080E-21 1.000
467.0 1.860E-21 1.000
467.5 1.760E-21 1.000
468.0 1.600E-21 1.000
468.5 1.440E-21 1.000
469.0 1.340E-21 1.000
469.5 1.200E-21 1.000
470.0 1.070E-21 1.000
470.5 1.020E-21 1.000
471.0 9.920E-22 1.000
471.5 9.970E-22 1.000
472.0 8.870E-22 1.000
472.5 8.270E-22 1.000
473.0 7.760E-22 1.000
473.5 7.150E-22 1.000
474.0 6.710E-22 1.000
474.5 6.670E-22 1.000
475.0 6.100E-22 1.000
475.5 6.170E-22 1.000
476.0 5.540E-22 1.000
476.5 5.220E-22 1.000
477.0 5.100E-22 1.000
477.5 5.170E-22 1.000
478.0 4.800E-22 1.000
478.5 4.710E-22 1.000
479.0 4.600E-22 1.000
479.5 4.350E-22 1.000
480.0 3.900E-22 1.000
480.5 3.710E-22 1.000
481.0 3.620E-22 1.000
481.5 3.520E-22 1.000
482.0 3.050E-22 1.000
482.5 3.050E-22 1.000
483.0 2.860E-22 1.000
483.5 2.530E-22 1.000
484.0 2.750E-22 1.000
484.5 2.590E-22 1.000
485.0 2.470E-22 1.000
485.5 2.360E-22 1.000
486.0 2.120E-22 1.000
486.5 1.890E-22 1.000
487.0 1.930E-22 1.000
487.5 1.860E-22 1.000
488.0 1.820E-22 1.000
488.5 1.750E-22 1.000
489.0 1.740E-22 1.000
489.5 1.720E-22 1.000
490.0 1.660E-22 1.000
490.5 1.750E-22 1.000
491.0 1.540E-22 1.000
491.5 1.740E-22 1.000
492.0 1.630E-22 1.000
492.5 1.530E-22 1.000
493.0 1.520E-22 1.000
493.5 5.850E-23 1.000
494.0 0.000E+00 1.000
