NO3NO2_NASA94
! Nitrate Photolysis to NO2 (NO3NO2)
! NO3 + hv -> NO2 + O(3P)  
! Taken from the original RADM data, with NASA (1994) updates
! format:  wl, abs_cs, qy
Centered
! With FAC, units are (cm^2/molecule)
FAC=1.0
 400.000 0.0000000E+00 1.0000000E+00
 405.000 2.7999999E-20 1.0000000E+00
 410.000 4.4500000E-20 1.0000000E+00
 415.000 5.3500000E-20 1.0000000E+00
 420.000 8.1999997E-20 1.0000000E+00
 425.000 1.0450000E-19 1.0000000E+00
 430.000 1.2930000E-19 1.0000000E+00
 435.000 1.8380000E-19 1.0000000E+00
 440.000 1.9370001E-19 1.0000000E+00
 445.000 2.2300001E-19 1.0000000E+00
 450.000 2.8350000E-19 1.0000000E+00
 455.000 3.3450000E-19 1.0000000E+00
 460.000 3.7200000E-19 1.0000000E+00
 465.000 4.3379998E-19 1.0000000E+00
 470.000 5.0979999E-19 1.0000000E+00
 475.000 6.0320001E-19 1.0000000E+00
 480.000 6.4400002E-19 1.0000000E+00
 485.000 6.8649999E-19 1.0000000E+00
 490.000 8.8000002E-19 1.0000000E+00
 495.000 9.6699999E-19 1.0000000E+00
 500.000 9.8999995E-19 1.0000000E+00
 505.000 1.0950000E-18 1.0000000E+00
 510.000 1.3200000E-18 1.0000000E+00
 515.000 1.4040000E-18 1.0000000E+00
 520.000 1.4470000E-18 1.0000000E+00
 525.000 1.4920000E-18 1.0000000E+00
 530.000 1.9310000E-18 1.0000000E+00
 535.000 2.0390000E-18 1.0000000E+00
 540.000 1.8319999E-18 1.0000000E+00
 545.000 1.8189999E-18 1.0000000E+00
 550.000 2.3530000E-18 1.0000000E+00
 555.000 2.6830000E-18 1.0000000E+00
 560.000 3.0650001E-18 1.0000000E+00
 565.000 2.5370000E-18 1.0000000E+00
 570.000 2.4940000E-18 1.0000000E+00
 575.000 2.6080000E-18 1.0000000E+00
 580.000 2.9080000E-18 1.0000000E+00
 585.000 2.6570001E-18 9.6818185E-01
 590.000 4.7400001E-18 8.0909091E-01
 595.000 3.7399999E-18 6.4999998E-01
 600.000 1.6460000E-18 5.7777774E-01
 605.000 3.4520001E-18 5.0555557E-01
 610.000 1.7760000E-18 4.3333328E-01
 615.000 2.1440000E-18 3.6111110E-01
 620.000 4.2400000E-18 2.8888887E-01
 625.000 9.5200002E-18 2.1666664E-01
 630.000 5.6519998E-18 1.4444444E-01
 635.000 1.6280000E-18 7.2222218E-02
 640.000 1.3320000E-18 0.0000000E+00
 644.800 8.3350001E-19 0.0000000E+00
 651.100 6.0519997E-19 0.0000000E+00
 660.000 8.1220004E-18 0.0000000E+00
 670.000 1.4540000E-18 0.0000000E+00
 680.000 3.3649999E-19 0.0000000E+00
 690.000 1.7499999E-20 0.0000000E+00
 700.000 0.0000000E+00 0.0000000E+00
