OIO_06
! OIO + HV = I + O2
! OIO Photolysis data
! Supplied by Golam Sarwar 
! Created from NASA/JPL dataset
Points (these data can be treated as point values)
! With FAC, units are (cm^2/molecule)
FAC=1.0
516.0 8.330E-18 1.000
517.0 6.960E-18 1.000
518.0 5.650E-18 1.000
519.0 5.990E-18 1.000
520.0 7.190E-18 1.000
521.0 6.260E-18 1.000
522.0 5.730E-18 1.000
523.0 5.170E-18 1.000
524.0 4.960E-18 1.000
525.0 5.340E-18 1.000
526.0 7.540E-18 1.000
527.0 8.400E-18 1.000
528.0 6.970E-18 1.000
529.0 6.260E-18 1.000
530.0 6.510E-18 1.000
531.0 9.890E-18 1.000
532.0 1.012E-17 1.000
533.0 7.790E-18 1.000
534.0 6.360E-18 1.000
535.0 5.190E-18 1.000
536.0 6.430E-18 1.000
537.0 7.090E-18 1.000
538.0 6.480E-18 1.000
539.0 5.480E-18 1.000
540.0 4.700E-18 1.000
541.0 4.510E-18 1.000
542.0 4.940E-18 1.000
543.0 7.150E-18 1.000
544.0 8.170E-18 1.000
545.0 6.760E-18 1.000
546.0 5.820E-18 1.000
547.0 5.130E-18 1.000
548.0 6.650E-18 1.000
549.0 1.030E-17 1.000
550.0 8.420E-18 1.000
551.0 5.750E-18 1.000
552.0 4.290E-18 1.000
553.0 3.770E-18 1.000
554.0 6.090E-18 1.000
555.0 6.610E-18 1.000
556.0 6.040E-18 1.000
557.0 4.740E-18 1.000
558.0 3.930E-18 1.000
559.0 3.730E-18 1.000
560.0 3.500E-18 1.000
561.0 4.760E-18 1.000
562.0 7.690E-18 1.000
563.0 7.090E-18 1.000
564.0 5.240E-18 1.000
565.0 4.420E-18 1.000
566.0 3.840E-18 1.000
567.0 6.130E-18 1.000
568.0 9.370E-18 1.000
569.0 6.990E-18 1.000
570.0 4.750E-18 1.000
571.0 3.220E-18 1.000
572.0 2.240E-18 1.000