PAN2_RACM2
! PAN + HV = MO2 + NO3  
! Absorption cross sections from JPL 2006                           
! Quantum yields 
! Supplied by Dr. Wendy Goliff, reformatted by Dr. Golam Sarwar to make it compatible with CMAQ
Points 
! With FAC, units are (cm^2/molecule)
FAC=1.0
186.1  0.000E+00  0.200
187.8  0.000E+00  0.200
189.6  0.000E+00  0.200
191.4  0.000E+00  0.200
193.3  0.000E+00  0.200
195.2  0.000E+00  0.200
197.1  0.412E-17  0.200
199.0  0.380E-17  0.200
201.0  0.343E-17  0.200
203.1  0.307E-17  0.200
205.2  0.273E-17  0.200
207.3  0.238E-17  0.200
209.4  0.205E-17  0.200
211.7  0.172E-17  0.200
213.9  0.144E-17  0.200
216.2  0.120E-17  0.200
218.6  0.997E-18  0.200
221.0  0.837E-18  0.200
223.5  0.701E-18  0.200
226.0  0.593E-18  0.200
228.6  0.501E-18  0.200
231.3  0.423E-18  0.200
234.0  0.355E-18  0.200
236.7  0.302E-18  0.200
239.6  0.251E-18  0.200
242.5  0.208E-18  0.200
245.4  0.173E-18  0.200
248.5  0.142E-18  0.200
251.6  0.117E-18  0.200
254.8  0.954E-19  0.200
258.2  0.771E-19  0.200
261.5  0.622E-19  0.200
265.0  0.489E-19  0.200
268.5  0.380E-19  0.200
272.2  0.282E-19  0.200
275.9  0.209E-19  0.200
279.8  0.149E-19  0.200
283.7  0.104E-19  0.200
287.8  0.664E-20  0.200
292.0  0.447E-20  0.200
296.3  0.289E-20  0.200
300.5  0.180E-20  0.200
303.0  0.139E-20  0.200
304.0  0.125E-20  0.200
305.0  0.112E-20  0.200
306.0  0.998E-21  0.200
307.0  0.907E-21  0.200
308.0  0.816E-21  0.200
309.0  0.741E-21  0.200
310.0  0.666E-21  0.400
311.0  0.602E-21  0.400
312.0  0.538E-21  0.400
313.0  0.500E-21  0.400
314.0  0.462E-21  0.400
316.0  0.363E-21  0.400
320.0  0.252E-21  0.400
325.0  0.153E-21  0.400
330.0  0.106E-21  0.400
335.0  0.646E-22  0.400
340.0  0.502E-22  0.400
345.0  0.236E-22  0.400
350.0  0.165E-22  0.400
355.0  0.000E+00  0.400
360.0  0.000E+00  0.400
365.0  0.000E+00  0.400
370.0  0.000E+00  0.400
375.0  0.000E+00  0.400
380.0  0.000E+00  0.400
385.0  0.000E+00  0.400
390.0  0.000E+00  0.400
395.0  0.000E+00  0.400
400.0  0.000E+00  0.400
405.0  0.000E+00  0.400
410.0  0.000E+00  0.400
415.0  0.000E+00  0.400
420.0  0.000E+00  0.400
425.0  0.000E+00  0.400
430.0  0.000E+00  0.400
435.0  0.000E+00  0.400
440.0  0.000E+00  0.400
445.0  0.000E+00  0.400
450.0  0.000E+00  0.400
455.0  0.000E+00  0.400
460.0  0.000E+00  0.400
465.0  0.000E+00  0.400
470.0  0.000E+00  0.400
475.0  0.000E+00  0.400
480.0  0.000E+00  0.400
485.0  0.000E+00  0.400
490.0  0.000E+00  0.400
495.0  0.000E+00  0.400
500.0  0.000E+00  0.400
505.0  0.000E+00  0.400
510.0  0.000E+00  0.400
515.0  0.000E+00  0.400
520.0  0.000E+00  0.400
525.0  0.000E+00  0.400
530.0  0.000E+00  0.400
535.0  0.000E+00  0.400
540.0  0.000E+00  0.400
545.0  0.000E+00  0.400
550.0  0.000E+00  0.400
555.0  0.000E+00  0.400
560.0  0.000E+00  0.400
565.0  0.000E+00  0.400
570.0  0.000E+00  0.400
575.0  0.000E+00  0.400
580.0  0.000E+00  0.400
585.0  0.000E+00  0.400
590.0  0.000E+00  0.400
595.0  0.000E+00  0.400
600.0  0.000E+00  0.400
605.0  0.000E+00  0.400
610.0  0.000E+00  0.400
615.0  0.000E+00  0.400
620.0  0.000E+00  0.400
625.0  0.000E+00  0.400
630.0  0.000E+00  0.400
635.0  0.000E+00  0.400
640.0  0.000E+00  0.400
644.8  0.000E+00  0.400
651.0  0.000E+00  0.400
660.0  0.000E+00  0.400
670.0  0.000E+00  0.400
680.0  0.000E+00  0.400
690.0  0.000E+00  0.400
700.0  0.000E+00  0.400
710.0  0.000E+00  0.400
720.0  0.000E+00  0.400
730.0  0.000E+00  0.400
