UALD_RACM2
! UALD + HV = 1.22*HO2 + 0.784*ACO3 + 1.22*CO + 0.35*HCHO + 0.434*ALD + 0.216*KET
! Photolysis basded on crotonaldehyde                                                    
! Magrenon et al, 2002
! Supplied by Dr. Wendy Goliff, reformatted by Dr. Golam Sarwar to make it compatible with CMAQ
Points 
! With FAC, units are (cm^2/molecule)
FAC=1.0
186.1  0.000E+00  0.030
187.8  0.000E+00  0.030
189.6  0.000E+00  0.030
191.4  0.000E+00  0.030
193.3  0.000E+00  0.030
195.2  0.000E+00  0.030
197.1  0.000E+00  0.030
199.0  0.000E+00  0.030
201.0  0.000E+00  0.030
203.1  0.000E+00  0.030
205.2  0.000E+00  0.030
207.3  0.000E+00  0.030
209.4  0.000E+00  0.030
211.7  0.000E+00  0.030
213.9  0.000E+00  0.030
216.2  0.000E+00  0.030
218.6  0.000E+00  0.030
221.0  0.000E+00  0.030
223.5  0.000E+00  0.030
226.0  0.000E+00  0.030
228.6  0.000E+00  0.030
231.3  0.000E+00  0.030
234.0  0.000E+00  0.030
236.7  0.000E+00  0.030
239.6  0.000E+00  0.030
242.5  0.000E+00  0.030
245.4  0.000E+00  0.030
248.5  0.000E+00  0.030
251.6  0.000E+00  0.030
254.8  0.000E+00  0.030
258.2  0.280E-20  0.030
261.5  0.330E-20  0.030
265.0  0.380E-20  0.030
268.5  0.530E-20  0.030
272.2  0.660E-20  0.030
275.9  0.900E-20  0.030
279.8  0.118E-19  0.030
283.7  0.154E-19  0.030
287.8  0.195E-19  0.030
292.0  0.240E-19  0.030
296.3  0.293E-19  0.030
300.5  0.351E-19  0.030
303.0  0.386E-19  0.030
304.0  0.402E-19  0.030
305.0  0.417E-19  0.030
306.0  0.433E-19  0.030
307.0  0.445E-19  0.030
308.0  0.458E-19  0.030
309.0  0.464E-19  0.030
310.0  0.479E-19  0.030
311.0  0.492E-19  0.030
312.0  0.505E-19  0.030
313.0  0.519E-19  0.030
314.0  0.532E-19  0.030
316.0  0.558E-19  0.030
320.0  0.585E-19  0.030
325.0  0.614E-19  0.030
330.0  0.645E-19  0.030
335.0  0.586E-19  0.030
340.0  0.588E-19  0.030
345.0  0.539E-19  0.030
350.0  0.413E-19  0.030
355.0  0.388E-19  0.030
360.0  0.345E-19  0.030
365.0  0.194E-19  0.030
370.0  0.143E-19  0.030
375.0  0.127E-19  0.030
380.0  0.810E-20  0.030
385.0  0.280E-20  0.030
390.0  0.140E-20  0.030
395.0  0.000E+00  0.030
400.0  0.000E+00  0.030
405.0  0.000E+00  0.030
410.0  0.000E+00  0.030
415.0  0.000E+00  0.030
420.0  0.000E+00  0.030
425.0  0.000E+00  0.030
430.0  0.000E+00  0.030
435.0  0.000E+00  0.030
440.0  0.000E+00  0.030
445.0  0.000E+00  0.030
450.0  0.000E+00  0.030
455.0  0.000E+00  0.030
460.0  0.000E+00  0.030
465.0  0.000E+00  0.030
470.0  0.000E+00  0.030
475.0  0.000E+00  0.030
480.0  0.000E+00  0.030
485.0  0.000E+00  0.000
490.0  0.000E+00  0.000
495.0  0.000E+00  0.000
500.0  0.000E+00  0.000
505.0  0.000E+00  0.000
510.0  0.000E+00  0.000
515.0  0.000E+00  0.000
520.0  0.000E+00  0.000
525.0  0.000E+00  0.000
530.0  0.000E+00  0.000
535.0  0.000E+00  0.000
540.0  0.000E+00  0.000
545.0  0.000E+00  0.000
550.0  0.000E+00  0.000
555.0  0.000E+00  0.000
560.0  0.000E+00  0.000
565.0  0.000E+00  0.000
570.0  0.000E+00  0.000
575.0  0.000E+00  0.000
580.0  0.000E+00  0.000
585.0  0.000E+00  0.000
590.0  0.000E+00  0.000
595.0  0.000E+00  0.000
600.0  0.000E+00  0.000
605.0  0.000E+00  0.000
610.0  0.000E+00  0.000
615.0  0.000E+00  0.000
620.0  0.000E+00  0.000
625.0  0.000E+00  0.000
630.0  0.000E+00  0.000
635.0  0.000E+00  0.000
640.0  0.000E+00  0.000
644.8  0.000E+00  0.000
651.0  0.000E+00  0.000
660.0  0.000E+00  0.000
670.0  0.000E+00  0.000
680.0  0.000E+00  0.000
690.0  0.000E+00  0.000
700.0  0.000E+00  0.000
710.0  0.000E+00  0.000
720.0  0.000E+00  0.000
730.0  0.000E+00  0.000
