CLNO2_IUPAC13          
! CLNO2 + HV = CL + NO2
!                                                         
!	Based on IUPAC EVALUATION (2013) 
!       Data Sheet III.A5.110 PCl9
!RECOMMEND QUANTUM YIELD: one
!
!Cross Section:
!   B. Ghosh, D.K. Papanastasiou, R.K. Talukdar, J.M. Roberts, and J.B. Burkholder, 
!   Nitryl chloride (ClNO2): UV/Vis absorption spectrum between 210 and 296 K and 
!   O(3P) quantum yield at 193 and 248 nm," J. Phys. Chem. A 116, 5796-5805 (2012); 
!   DOI: 10.1021/jp207389y
Points (the mechanism evaluated with this format)                                
! With FAC, units are (cm^2/molecule)                                            
FAC=1.0                                                                          
190.00 2.690E-17 1.0000
200.00 4.015e-18 1.0000
201.00 3.640e-18 1.0000
202.00 3.360e-18 1.0000
203.00 3.186e-18 1.0000
204.00 3.095e-18 1.0000
205.00 3.056e-18 1.0000
206.00 3.060e-18 1.0000
207.00 3.091e-18 1.0000
208.00 3.141e-18 1.0000
209.00 3.200e-18 1.0000
210.00 3.262e-18 1.0000
211.00 3.325e-18 1.0000
212.00 3.383e-18 1.0000
213.00 3.427e-18 1.0000
214.00 3.458e-18 1.0000
215.00 3.478e-18 1.0000
216.00 3.481e-18 1.0000
217.00 3.467e-18 1.0000
218.00 3.436e-18 1.0000
219.00 3.387e-18 1.0000
220.00 3.321e-18 1.0000
220.25 3.302e-18 1.0000
220.50 3.282e-18 1.0000
220.75 3.262e-18 1.0000
221.00 3.240e-18 1.0000
221.25 3.218e-18 1.0000
221.50 3.195e-18 1.0000
221.75 3.172e-18 1.0000
222.00 3.148e-18 1.0000
222.25 3.124e-18 1.0000
222.50 3.099e-18 1.0000
222.75 3.074e-18 1.0000
223.00 3.049e-18 1.0000
223.25 3.023e-18 1.0000
223.50 2.996e-18 1.0000
223.75 2.968e-18 1.0000
224.00 2.939e-18 1.0000
224.25 2.910e-18 1.0000
224.50 2.879e-18 1.0000
224.75 2.848e-18 1.0000
225.00 2.816e-18 1.0000
225.25 2.785e-18 1.0000
225.50 2.753e-18 1.0000
225.75 2.722e-18 1.0000
226.00 2.690e-18 1.0000
226.25 2.659e-18 1.0000
226.50 2.628e-18 1.0000
226.75 2.597e-18 1.0000
227.00 2.566e-18 1.0000
227.25 2.536e-18 1.0000
227.50 2.506e-18 1.0000
227.75 2.476e-18 1.0000
228.00 2.447e-18 1.0000
228.25 2.417e-18 1.0000
228.50 2.386e-18 1.0000
228.75 2.356e-18 1.0000
229.00 2.324e-18 1.0000
229.25 2.293e-18 1.0000
229.50 2.262e-18 1.0000
229.75 2.232e-18 1.0000
230.00 2.203e-18 1.0000
230.25 2.174e-18 1.0000
230.50 2.145e-18 1.0000
230.75 2.117e-18 1.0000
231.00 2.088e-18 1.0000
231.25 2.060e-18 1.0000
231.50 2.032e-18 1.0000
231.75 2.006e-18 1.0000
232.00 1.980e-18 1.0000
232.25 1.954e-18 1.0000
232.50 1.929e-18 1.0000
232.75 1.904e-18 1.0000
233.00 1.879e-18 1.0000
233.25 1.853e-18 1.0000
233.50 1.827e-18 1.0000
233.75 1.803e-18 1.0000
234.00 1.780e-18 1.0000
234.25 1.758e-18 1.0000
234.50 1.737e-18 1.0000
234.75 1.716e-18 1.0000
235.00 1.696e-18 1.0000
235.25 1.676e-18 1.0000
235.50 1.655e-18 1.0000
235.75 1.634e-18 1.0000
236.00 1.613e-18 1.0000
236.25 1.592e-18 1.0000
236.50 1.573e-18 1.0000
236.75 1.556e-18 1.0000
237.00 1.539e-18 1.0000
237.25 1.522e-18 1.0000
237.50 1.504e-18 1.0000
237.75 1.486e-18 1.0000
238.00 1.467e-18 1.0000
238.25 1.449e-18 1.0000
238.50 1.431e-18 1.0000
238.75 1.415e-18 1.0000
239.00 1.402e-18 1.0000
239.25 1.389e-18 1.0000
239.50 1.376e-18 1.0000
239.75 1.362e-18 1.0000
240.00 1.348e-18 1.0000
240.25 1.334e-18 1.0000
240.50 1.319e-18 1.0000
240.75 1.304e-18 1.0000
241.00 1.291e-18 1.0000
241.25 1.278e-18 1.0000
241.50 1.265e-18 1.0000
241.75 1.253e-18 1.0000
242.00 1.242e-18 1.0000
242.25 1.231e-18 1.0000
242.50 1.220e-18 1.0000
242.75 1.207e-18 1.0000
243.00 1.193e-18 1.0000
243.25 1.180e-18 1.0000
243.50 1.168e-18 1.0000
243.75 1.156e-18 1.0000
244.00 1.146e-18 1.0000
244.25 1.137e-18 1.0000
244.50 1.129e-18 1.0000
244.75 1.122e-18 1.0000
245.00 1.112e-18 1.0000
245.25 1.101e-18 1.0000
245.50 1.089e-18 1.0000
245.75 1.077e-18 1.0000
246.00 1.065e-18 1.0000
246.25 1.055e-18 1.0000
246.50 1.047e-18 1.0000
246.75 1.040e-18 1.0000
247.00 1.033e-18 1.0000
247.25 1.024e-18 1.0000
247.50 1.017e-18 1.0000
247.75 1.008e-18 1.0000
248.00 9.975e-19 1.0000
248.25 9.848e-19 1.0000
248.50 9.740e-19 1.0000
248.75 9.645e-19 1.0000
249.00 9.560e-19 1.0000
249.25 9.488e-19 1.0000
249.50 9.418e-19 1.0000
249.75 9.352e-19 1.0000
250.00 9.286e-19 1.0000
250.25 9.197e-19 1.0000
250.50 9.092e-19 1.0000
250.75 8.981e-19 1.0000
251.00 8.867e-19 1.0000
251.25 8.757e-19 1.0000
251.50 8.670e-19 1.0000
251.75 8.595e-19 1.0000
252.00 8.529e-19 1.0000
252.25 8.471e-19 1.0000
252.50 8.404e-19 1.0000
252.75 8.328e-19 1.0000
253.00 8.243e-19 1.0000
253.25 8.149e-19 1.0000
253.50 8.047e-19 1.0000
253.75 7.952e-19 1.0000
254.00 7.864e-19 1.0000
254.25 7.783e-19 1.0000
254.50 7.718e-19 1.0000
254.75 7.655e-19 1.0000
255.00 7.594e-19 1.0000
255.25 7.530e-19 1.0000
255.50 7.454e-19 1.0000
255.75 7.365e-19 1.0000
256.00 7.269e-19 1.0000
256.25 7.167e-19 1.0000
256.50 7.064e-19 1.0000
256.75 6.966e-19 1.0000
257.00 6.881e-19 1.0000
257.25 6.806e-19 1.0000
257.50 6.738e-19 1.0000
257.75 6.673e-19 1.0000
258.00 6.607e-19 1.0000
258.25 6.535e-19 1.0000
258.50 6.457e-19 1.0000
258.75 6.370e-19 1.0000
259.00 6.280e-19 1.0000
259.25 6.192e-19 1.0000
259.50 6.108e-19 1.0000
259.75 6.031e-19 1.0000
260.00 5.959e-19 1.0000
260.25 5.893e-19 1.0000
260.50 5.832e-19 1.0000
260.75 5.767e-19 1.0000
261.00 5.702e-19 1.0000
261.25 5.632e-19 1.0000
261.50 5.557e-19 1.0000
261.75 5.476e-19 1.0000
262.00 5.395e-19 1.0000
262.25 5.315e-19 1.0000
262.50 5.238e-19 1.0000
262.75 5.164e-19 1.0000
263.00 5.101e-19 1.0000
263.25 5.040e-19 1.0000
263.50 4.981e-19 1.0000
263.75 4.921e-19 1.0000
264.00 4.859e-19 1.0000
264.25 4.793e-19 1.0000
264.50 4.725e-19 1.0000
264.75 4.656e-19 1.0000
265.00 4.586e-19 1.0000
265.25 4.515e-19 1.0000
265.50 4.447e-19 1.0000
265.75 4.384e-19 1.0000
266.00 4.325e-19 1.0000
266.25 4.267e-19 1.0000
266.50 4.212e-19 1.0000
266.75 4.159e-19 1.0000
267.00 4.103e-19 1.0000
267.25 4.047e-19 1.0000
267.50 3.990e-19 1.0000
267.75 3.933e-19 1.0000
268.00 3.876e-19 1.0000
268.25 3.817e-19 1.0000
268.50 3.761e-19 1.0000
268.75 3.708e-19 1.0000
269.00 3.658e-19 1.0000
269.25 3.611e-19 1.0000
269.50 3.565e-19 1.0000
269.75 3.520e-19 1.0000
270.00 3.477e-19 1.0000
270.25 3.433e-19 1.0000
270.50 3.387e-19 1.0000
270.75 3.343e-19 1.0000
271.00 3.300e-19 1.0000
271.25 3.254e-19 1.0000
271.50 3.210e-19 1.0000
271.75 3.166e-19 1.0000
272.00 3.123e-19 1.0000
272.25 3.081e-19 1.0000
272.50 3.042e-19 1.0000
272.75 3.003e-19 1.0000
273.00 2.965e-19 1.0000
273.25 2.929e-19 1.0000
273.50 2.892e-19 1.0000
273.75 2.855e-19 1.0000
274.00 2.819e-19 1.0000
274.25 2.783e-19 1.0000
274.50 2.749e-19 1.0000
274.75 2.715e-19 1.0000
275.00 2.682e-19 1.0000
275.25 2.651e-19 1.0000
275.50 2.619e-19 1.0000
275.75 2.588e-19 1.0000
276.00 2.559e-19 1.0000
276.25 2.532e-19 1.0000
276.50 2.505e-19 1.0000
276.75 2.477e-19 1.0000
277.00 2.450e-19 1.0000
277.25 2.424e-19 1.0000
277.50 2.398e-19 1.0000
277.75 2.374e-19 1.0000
278.00 2.350e-19 1.0000
278.25 2.327e-19 1.0000
278.50 2.303e-19 1.0000
278.75 2.281e-19 1.0000
279.00 2.259e-19 1.0000
279.25 2.237e-19 1.0000
279.50 2.216e-19 1.0000
279.75 2.197e-19 1.0000
280.00 2.177e-19 1.0000
281.00 2.101e-19 1.0000
282.00 2.033e-19 1.0000
283.00 1.975e-19 1.0000
284.00 1.922e-19 1.0000
285.00 1.876e-19 1.0000
286.00 1.833e-19 1.0000
287.00 1.794e-19 1.0000
288.00 1.760e-19 1.0000
289.00 1.731e-19 1.0000
290.00 1.701e-19 1.0000
291.00 1.677e-19 1.0000
292.00 1.654e-19 1.0000
293.00 1.630e-19 1.0000
294.00 1.605e-19 1.0000
295.00 1.583e-19 1.0000
296.00 1.564e-19 1.0000
297.00 1.543e-19 1.0000
298.00 1.522e-19 1.0000
299.00 1.500e-19 1.0000
300.00 1.476e-19 1.0000
301.00 1.451e-19 1.0000
302.00 1.426e-19 1.0000
303.00 1.401e-19 1.0000
304.00 1.375e-19 1.0000
305.00 1.349e-19 1.0000
306.00 1.321e-19 1.0000
307.00 1.292e-19 1.0000
308.00 1.263e-19 1.0000
309.00 1.234e-19 1.0000
310.00 1.203e-19 1.0000
311.00 1.172e-19 1.0000
312.00 1.141e-19 1.0000
313.00 1.108e-19 1.0000
314.00 1.075e-19 1.0000
315.00 1.042e-19 1.0000
316.00 1.009e-19 1.0000
317.00 9.764e-20 1.0000
318.00 9.443e-20 1.0000
319.00 9.124e-20 1.0000
320.00 8.808e-20 1.0000
321.00 8.493e-20 1.0000
322.00 8.176e-20 1.0000
323.00 7.853e-20 1.0000
324.00 7.545e-20 1.0000
325.00 7.241e-20 1.0000
326.00 6.942e-20 1.0000
327.00 6.650e-20 1.0000
328.00 6.367e-20 1.0000
329.00 6.092e-20 1.0000
330.00 5.825e-20 1.0000
331.00 5.564e-20 1.0000
332.00 5.307e-20 1.0000
333.00 5.057e-20 1.0000
334.00 4.823e-20 1.0000
335.00 4.593e-20 1.0000
336.00 4.369e-20 1.0000
337.00 4.157e-20 1.0000
338.00 3.953e-20 1.0000
339.00 3.754e-20 1.0000
340.00 3.563e-20 1.0000
341.00 3.381e-20 1.0000
342.00 3.207e-20 1.0000
343.00 3.039e-20 1.0000
344.00 2.879e-20 1.0000
345.00 2.726e-20 1.0000
346.00 2.580e-20 1.0000
347.00 2.444e-20 1.0000
348.00 2.313e-20 1.0000
349.00 2.191e-20 1.0000
350.00 2.071e-20 1.0000
351.00 1.958e-20 1.0000
352.00 1.853e-20 1.0000
353.00 1.750e-20 1.0000
354.00 1.651e-20 1.0000
355.00 1.558e-20 1.0000
356.00 1.471e-20 1.0000
357.00 1.389e-20 1.0000
358.00 1.310e-20 1.0000
359.00 1.237e-20 1.0000
360.00 1.167e-20 1.0000
361.00 1.100e-20 1.0000
362.00 1.038e-20 1.0000
363.00 9.787e-21 1.0000
364.00 9.227e-21 1.0000
365.00 8.697e-21 1.0000
366.00 8.192e-21 1.0000
367.00 7.728e-21 1.0000
368.00 7.283e-21 1.0000
369.00 6.875e-21 1.0000
370.00 6.482e-21 1.0000
371.00 6.107e-21 1.0000
372.00 5.759e-21 1.0000
373.00 5.429e-21 1.0000
374.00 5.116e-21 1.0000
375.00 4.818e-21 1.0000
376.00 4.544e-21 1.0000
377.00 4.275e-21 1.0000
378.00 4.030e-21 1.0000
379.00 3.799e-21 1.0000
380.00 3.580e-21 1.0000
381.00 3.378e-21 1.0000
382.00 3.180e-21 1.0000
383.00 3.010e-21 1.0000
384.00 2.839e-21 1.0000
385.00 2.679e-21 1.0000
386.00 2.529e-21 1.0000
387.00 2.378e-21 1.0000
388.00 2.242e-21 1.0000
389.00 2.126e-21 1.0000
390.00 2.009e-21 1.0000
391.00 1.890e-21 1.0000
392.00 1.774e-21 1.0000
393.00 1.675e-21 1.0000
394.00 1.579e-21 1.0000
395.00 1.495e-21 1.0000
396.00 1.411e-21 1.0000
397.00 1.328e-21 1.0000
398.00 1.249e-21 1.0000
399.00 1.185e-21 1.0000
400.00 1.124e-21 1.0000
401.00 1.062e-21 1.0000
402.00 1.004e-21 1.0000
403.00 9.484e-22 1.0000
404.00 8.915e-22 1.0000
405.00 8.394e-22 1.0000
406.00 7.958e-22 1.0000
407.00 7.606e-22 1.0000
408.00 7.151e-22 1.0000
409.00 6.751e-22 1.0000
410.00 6.418e-22 1.0000
411.00 6.082e-22 1.0000
412.00 5.695e-22 1.0000
413.00 5.362e-22 1.0000
414.00 5.123e-22 1.0000
415.00 4.862e-22 1.0000
416.00 4.600e-22 1.0000
417.00 4.344e-22 1.0000
418.00 4.107e-22 1.0000
419.00 3.875e-22 1.0000
420.00 3.601e-22 1.0000
421.00 3.360e-22 1.0000
422.00 3.191e-22 1.0000
423.00 2.975e-22 1.0000
424.00 2.880e-22 1.0000
425.00 2.824e-22 1.0000
426.00 2.749e-22 1.0000
427.00 2.457e-22 1.0000
428.00 2.379e-22 1.0000
429.00 2.266e-22 1.0000
430.00 2.124e-22 1.0000
431.00 2.044e-22 1.0000
432.00 2.028e-22 1.0000
433.00 1.846e-22 1.0000
434.00 1.754e-22 1.0000
435.00 1.692e-22 1.0000
436.00 1.543e-22 1.0000
437.00 1.503e-22 1.0000
438.00 1.400e-22 1.0000
439.00 1.288e-22 1.0000
440.00 1.221e-22 1.0000
441.00 1.130e-22 1.0000
442.00 1.133e-22 1.0000
443.00 1.071e-22 1.0000
444.00 9.837e-23 1.0000
445.00 9.050e-23 1.0000
446.00 8.986e-23 1.0000
447.00 8.394e-23 1.0000
448.00 7.585e-23 1.0000
449.00 7.729e-23 1.0000
450.00 7.899e-23 1.0000
451.00 7.242e-23 1.0000
452.00 6.955e-23 1.0000
453.00 6.941e-23 1.0000
454.00 6.138e-23 1.0000
455.00 6.348e-23 1.0000
456.00 6.142e-23 1.0000
457.00 4.725e-23 1.0000
458.00 5.342e-23 1.0000
459.00 5.869e-23 1.0000
460.00 5.474e-23 1.0000
461.00 4.708e-23 1.0000
462.00 3.512e-23 1.0000
463.00 3.570e-23 1.0000
464.00 4.184e-23 1.0000
465.00 3.690e-23 1.0000
466.00 3.836e-23 1.0000
467.00 3.688e-23 1.0000
468.00 3.764e-23 1.0000
469.00 4.390e-23 1.0000
470.00 3.207e-23 1.0000
471.00 2.276e-23 1.0000
472.00 2.207e-23 1.0000
473.00 2.678e-23 1.0000
474.00 3.391e-23 1.0000
475.00 2.053e-23 1.0000
