ICL_IUPAC10
! ICL + HV = I + CL
! ICL Photolysis data (QY assumed)
! Supplied by Golam Sarwar 
! Created from IUPAC dataset
Points (these data can be treated as point values)
! With FAC, units are (cm^2/molecule)
FAC=1.0
220.0 2.130E-19 1.000
230.0 3.540E-19 1.000
240.0 4.400E-19 1.000
250.0 4.330E-19 1.000
260.0 3.530E-19 1.000
270.0 2.440E-19 1.000
280.0 1.540E-19 1.000
290.0 9.410E-20 1.000
300.0 6.080E-20 1.000
310.0 4.590E-20 1.000
320.0 4.010E-20 1.000
330.0 3.670E-20 1.000
340.0 3.290E-20 1.000
350.0 3.100E-20 1.000
360.0 3.520E-20 1.000
370.0 5.310E-20 1.000
380.0 8.790E-20 1.000
390.0 1.390E-19 1.000
400.0 1.900E-19 1.000
410.0 2.470E-19 1.000
420.0 2.890E-19 1.000
430.0 3.210E-19 1.000
440.0 3.540E-19 1.000
450.0 3.890E-19 1.000
460.0 4.170E-19 1.000
470.0 4.260E-19 1.000
480.0 4.090E-19 1.000
490.0 3.630E-19 1.000
500.0 2.940E-19 1.000
510.0 2.280E-19 1.000
520.0 1.640E-19 1.000
530.0 1.150E-19 1.000
540.0 8.000E-20 1.000
550.0 5.700E-20 1.000
560.0 4.320E-20 1.000
570.0 3.440E-20 1.000
580.0 2.830E-20 1.000
590.0 2.100E-20 1.000
600.0 1.760E-20 1.000