PAN1_RACM2
! PAN + HV = ACO3 + NO2  
! Absorption cross sections from JPL 2006                           
! Quantum yields 
! Supplied by Dr. Wendy Goliff, reformatted by Dr. Golam Sarwar to make it compatible with CMAQ
Points 
! With FAC, units are (cm^2/molecule)
FAC=1.0
186.1  0.000E+00  0.800
187.8  0.000E+00  0.800
189.6  0.000E+00  0.800
191.4  0.000E+00  0.800
193.3  0.000E+00  0.800
195.2  0.000E+00  0.800
197.1  0.412E-17  0.800
199.0  0.380E-17  0.800
201.0  0.343E-17  0.800
203.1  0.307E-17  0.800
205.2  0.273E-17  0.800
207.3  0.238E-17  0.800
209.4  0.205E-17  0.800
211.7  0.172E-17  0.800
213.9  0.144E-17  0.800
216.2  0.120E-17  0.800
218.6  0.997E-18  0.800
221.0  0.837E-18  0.800
223.5  0.701E-18  0.800
226.0  0.593E-18  0.800
228.6  0.501E-18  0.800
231.3  0.423E-18  0.800
234.0  0.355E-18  0.800
236.7  0.302E-18  0.800
239.6  0.251E-18  0.800
242.5  0.208E-18  0.800
245.4  0.173E-18  0.800
248.5  0.142E-18  0.800
251.6  0.117E-18  0.800
254.8  0.954E-19  0.800
258.2  0.771E-19  0.800
261.5  0.622E-19  0.800
265.0  0.489E-19  0.800
268.5  0.380E-19  0.800
272.2  0.282E-19  0.800
275.9  0.209E-19  0.800
279.8  0.149E-19  0.800
283.7  0.104E-19  0.800
287.8  0.664E-20  0.800
292.0  0.447E-20  0.800
296.3  0.289E-20  0.800
300.5  0.180E-20  0.800
303.0  0.139E-20  0.800
304.0  0.125E-20  0.800
305.0  0.112E-20  0.800
306.0  0.998E-21  0.800
307.0  0.907E-21  0.800
308.0  0.816E-21  0.800
309.0  0.741E-21  0.800
310.0  0.666E-21  0.600
311.0  0.602E-21  0.600
312.0  0.538E-21  0.600
313.0  0.500E-21  0.600
314.0  0.462E-21  0.600
316.0  0.363E-21  0.600
320.0  0.252E-21  0.600
325.0  0.153E-21  0.600
330.0  0.106E-21  0.600
335.0  0.646E-22  0.600
340.0  0.502E-22  0.600
345.0  0.236E-22  0.600
350.0  0.165E-22  0.600
355.0  0.000E+00  0.600
360.0  0.000E+00  0.600
365.0  0.000E+00  0.600
370.0  0.000E+00  0.600
375.0  0.000E+00  0.600
380.0  0.000E+00  0.600
385.0  0.000E+00  0.600
390.0  0.000E+00  0.600
395.0  0.000E+00  0.600
400.0  0.000E+00  0.600
405.0  0.000E+00  0.600
410.0  0.000E+00  0.600
415.0  0.000E+00  0.600
420.0  0.000E+00  0.600
425.0  0.000E+00  0.600
430.0  0.000E+00  0.600
435.0  0.000E+00  0.600
440.0  0.000E+00  0.600
445.0  0.000E+00  0.600
450.0  0.000E+00  0.600
455.0  0.000E+00  0.600
460.0  0.000E+00  0.600
465.0  0.000E+00  0.600
470.0  0.000E+00  0.600
475.0  0.000E+00  0.600
480.0  0.000E+00  0.600
485.0  0.000E+00  0.600
490.0  0.000E+00  0.600
495.0  0.000E+00  0.600
500.0  0.000E+00  0.600
505.0  0.000E+00  0.600
510.0  0.000E+00  0.600
515.0  0.000E+00  0.600
520.0  0.000E+00  0.600
525.0  0.000E+00  0.600
530.0  0.000E+00  0.600
535.0  0.000E+00  0.600
540.0  0.000E+00  0.600
545.0  0.000E+00  0.600
550.0  0.000E+00  0.600
555.0  0.000E+00  0.600
560.0  0.000E+00  0.600
565.0  0.000E+00  0.600
570.0  0.000E+00  0.600
575.0  0.000E+00  0.600
580.0  0.000E+00  0.600
585.0  0.000E+00  0.600
590.0  0.000E+00  0.600
595.0  0.000E+00  0.600
600.0  0.000E+00  0.600
605.0  0.000E+00  0.600
610.0  0.000E+00  0.600
615.0  0.000E+00  0.600
620.0  0.000E+00  0.600
625.0  0.000E+00  0.600
630.0  0.000E+00  0.600
635.0  0.000E+00  0.600
640.0  0.000E+00  0.600
644.8  0.000E+00  0.600
651.0  0.000E+00  0.600
660.0  0.000E+00  0.600
670.0  0.000E+00  0.600
680.0  0.000E+00  0.600
690.0  0.000E+00  0.600
700.0  0.000E+00  0.600
710.0  0.000E+00  0.600
720.0  0.000E+00  0.600
730.0  0.000E+00  0.600
