BIOMASS
! Refractive indices for Biomass burning
!Wvelen(um) Real Part  Imag Part
2.0000E-01 0.1540E+01 0.1008E+00
2.5000E-01 0.1540E+01 0.1008E+00
3.0000E-01 0.1540E+01 0.1008E+00
3.3700E-01 0.1540E+01 0.1008E+00
4.0000E-01 0.1540E+01 0.6660E-01
4.8800E-01 0.1540E+01 0.2700E-01
5.1500E-01 0.1540E+01 0.2700E-01
5.5000E-01 0.1540E+01 0.1800E-01
6.3300E-01 0.1540E+01 0.1800E-01
6.9400E-01 0.1540E+01 0.1800E-01
8.6000E-01 0.1540E+01 0.1800E-01
1.0600E+00 0.1540E+01 0.1800E-01
1.3000E+00 0.1540E+01 0.1800E-01
1.5360E+00 0.1540E+01 0.1800E-01
1.8000E+00 0.1540E+01 0.1800E-01
2.0000E+00 0.1540E+01 0.1800E-01
2.2500E+00 0.1540E+01 0.1800E-01
2.5000E+00 0.1540E+01 0.1800E-01
2.7000E+00 0.1540E+01 0.1800E-01
3.0000E+00 0.1540E+01 0.1800E-01
3.2000E+00 0.1540E+01 0.1800E-01
3.3920E+00 0.1540E+01 0.1800E-01
3.5000E+00 0.1540E+01 0.1800E-01
3.7500E+00 0.1540E+01 0.1800E-01
4.0000E+00 0.1465E+01 0.1500E-01
4.5000E+00 0.1470E+01 0.3900E-01
5.0000E+00 0.1459E+01 0.3600E-01
5.5000E+00 0.1449E+01 0.5400E-01
6.0000E+00 0.1419E+01 0.6900E-01
6.2000E+00 0.1439E+01 0.8100E-01
6.5000E+00 0.1470E+01 0.9900E-01
7.2000E+00 0.1409E+01 0.2100E+00
7.9000E+00 0.1208E+01 0.1950E+00
8.2000E+00 0.1017E+01 0.3000E+00
8.5000E+00 0.1308E+01 0.6450E+00
8.7000E+00 0.2416E+01 0.8700E+00
9.0000E+00 0.2577E+01 0.1110E+01
9.2000E+00 0.2214E+01 0.1260E+01
9.5000E+00 0.1963E+01 0.4800E+00
9.8000E+00 0.1882E+01 0.2850E+00
1.0000E+01 0.1832E+01 0.2700E+00
1.0591E+01 0.1773E+01 0.2109E+00
1.1000E+01 0.1731E+01 0.1500E+00
1.1500E+01 0.1681E+01 0.1410E+00
1.2500E+01 0.1631E+01 0.1590E+00
1.3000E+01 0.1631E+01 0.1650E+00
1.4000E+01 0.1570E+01 0.2190E+00
1.4800E+01 0.1449E+01 0.3000E+00
1.5000E+01 0.1429E+01 0.6000E+00
1.6400E+01 0.1761E+01 0.4800E+00
1.7200E+01 0.2094E+01 0.7260E+00
1.8000E+01 0.1993E+01 0.5400E+00
1.8500E+01 0.1862E+01 0.5100E+00
2.0000E+01 0.2134E+01 0.6600E+00
2.1300E+01 0.2073E+01 0.6900E+00
2.2500E+01 0.2013E+01 0.7200E+00
2.5000E+01 0.1892E+01 0.8400E+00
2.7900E+01 0.1852E+01 0.8700E+00
3.0000E+01 0.1832E+01 0.9000E+00
3.5000E+01 0.1933E+01 0.1200E+01
4.0000E+01 0.1872E+01 0.1500E+01
