NITRATE
! Ref. ind.  for amm. nitrate
!Wvelen(um) Real Part  Imag Part
2.0000E-01 1.61000E+00 0.00000E-00
2.5000E-01 1.61000E+00 0.00000E-00
3.0000E-01 1.61000E+00 0.00000E-00
3.3700E-01 1.61000E+00 0.00000E-00
4.0000E-01 1.61000E+00 0.00000E-00
4.8800E-01 1.61000E+00 0.00000E-00
5.1500E-01 1.61000E+00 0.00000E-00
5.5000E-01 1.61000E+00 0.00000E-00
6.3300E-01 1.61000E+00 0.00000E-00 
6.9400E-01 1.61000E+00 3.19768E-08
8.6000E-01 1.60000E+00 2.72157E-06
1.0600E+00 1.59000E+00 1.56986E-05
1.3000E+00 1.58000E+00 1.70623E-04
1.5360E+00 1.57000E+00 1.80820E-03
1.8000E+00 1.56000E+00 1.48521E-03
2.0000E+00 1.56000E+00 2.75000E-03
2.2500E+00 1.55000E+00 1.91000E-03
2.5000E+00 1.53000E+00 3.17000E-03
2.7000E+00 1.48000E+00 1.13000E-03
3.0000E+00 1.25000E+00 2.09000E-01
3.2000E+00 1.55000E+00 5.07000E-01
3.3920E+00 1.82000E+00 3.11000E-01
3.5000E+00 1.83000E+00 2.09000E-01
3.7500E+00 1.75000E+00 5.16000E-02
4.0000E+00 1.67000E+00 3.57000E-02
4.5000E+00 1.61000E+00 1.08000E-02
5.0000E+00 1.55000E+00 2.57000E-02
5.5000E+00 1.46000E+00 4.84000E-02
6.0000E+00 1.42000E+00 1.30000E-01
6.2000E+00 1.33000E+00 1.34000E-01
6.5000E+00 1.17000E+00 2.00000E-01
7.2000E+00 1.77000E+00 1.69000E+00
7.9000E+00 2.37000E+00 3.40000E-01
8.2000E+00 2.18000E+00 1.94000E-01
8.5000E+00 2.11000E+00 1.59000E-01
8.7000E+00 2.09000E+00 1.40000E-01
9.0000E+00 2.04000E+00 1.22000E-01
9.2000E+00 2.03000E+00 1.15000E-01
9.5000E+00 2.02000E+00 7.49000E-02
9.8000E+00 1.98000E+00 6.42000E-02
1.0000E+01 1.95000E+00 6.36000E-02
1.0591E+01 1.94000E+00 4.84000E-02
1.1000E+01 1.91000E+00 3.80000E-02
1.1500E+01 1.85000E+00 2.77000E-02
1.2500E+01 1.98000E+00 5.25000E-03
1.3000E+01 1.89000E+00 2.87000E-02
1.4000E+01 1.94000E+00 2.38000E-02
1.4800E+01 1.89000E+00 0.00000E+00
1.5000E+01 1.85000E+00 1.36000E-02
1.6400E+01 1.85000E+00 1.36000E-02
1.7200E+01 1.84000E+00 1.45000E-02
1.8000E+01 1.81000E+00 2.44000E-02
1.8500E+01 1.81000E+00 2.44000E-02
2.0000E+01 1.82000E+00 4.24000E-02
2.1300E+01 1.82000E+00 4.24000E-02
2.2500E+01 1.82000E+00 4.24000E-02
2.5000E+01 1.82000E+00 4.24000E-02
2.7900E+01 1.82000E+00 4.24000E-02
3.0000E+01 1.82000E+00 4.24000E-02
3.5000E+01 1.82000E+00 4.24000E-02
4.0000E+01 1.82000E+00 4.24000E-02
