MGLY_IUPAC04
!CH3COCHO + hv ---> CH3CO + HCO
! From IUPAC Subcommittee on Gas Kinetic Data Evaluation; IUPAC Stern-Volmer expression
! Data Sheet P6_CH3COCHO+hv.pdf, updated 16th Jan, 2003
! Website: http://www.iupac-kinetic.ch.cam.ac.uk/
Points ( These are point values)
! Units: wavelength/[nm], cross-section/[cm^2], Quantum yields > 380 nm evaluated at 760 Torr using 
FAC=1.0
275.0  4.413E-20  1.00
280.0  4.877E-20  1.00
285.0  4.719E-20  1.00
290.0  4.838E-20  1.00
295.0  4.362E-20  1.00
300.0  3.754E-20  1.00
305.0  3.361E-20  1.00
310.0  2.365E-20  1.00
315.0  1.891E-20  1.00
320.0  1.511E-20  1.00
325.0  9.380E-21  1.00
330.0  6.520E-21  1.00
335.0  4.820E-21  1.00
340.0  3.230E-21  1.00
345.0  3.000E-21  1.00
350.0  3.940E-21  1.00
355.0  5.600E-21  1.00
360.0  6.950E-21  1.00
365.0  1.077E-20  1.00
370.0  1.475E-20  1.00
375.0  1.911E-20  1.00
380.0  2.429E-20  1.00
385.0  3.221E-20  0.132
390.0  4.029E-20  0.109
395.0  4.732E-20  0.091
400.0  5.664E-20  0.076
401.0  5.900E-20  0.073
402.0  6.070E-20  0.071
403.0  6.350E-20  0.069
404.0  6.540E-20  0.066
405.0  6.910E-20  0.064
406.0  7.200E-20  0.062
407.0  7.580E-20  0.060
408.0  7.940E-20  0.058
409.0  8.120E-20  0.056
410.0  8.520E-20  0.054
411.0  8.630E-20  0.052
412.0  9.070E-20  0.050
413.0  9.370E-20  0.049
414.0  9.620E-20  0.047
415.0  9.680E-20  0.046
416.0  9.710E-20  0.044
417.0  1.004E-19  0.043
418.0  1.007E-19  0.041
419.0  1.012E-19  0.040
420.0  1.021E-19  0.039
421.0  1.034E-19  0.038
422.0  1.051E-19  0.036
423.0  1.045E-19  0.035
424.0  1.015E-19  0.034
425.0  1.034E-19  0.033
426.0  1.024E-19  0.032
427.0  9.840E-20  0.031
428.0  1.001E-19  0.030
429.0  9.940E-20  0.029
430.0  1.041E-19  0.028
431.0  1.053E-19  0.028
432.0  9.790E-20  0.027
433.0  1.064E-19  0.026
434.0  1.054E-19  0.025
435.0  1.081E-19  0.024
436.0  1.113E-19  0.024
437.0  9.990E-20  0.023
438.0  1.059E-19  0.022
439.0  1.101E-19  0.022
440.0  9.940E-20  0.021
441.0  1.039E-19  0.021
442.0  1.020E-19  0.020
443.0  1.017E-19  0.019
444.0  1.117E-19  0.019
445.0  9.610E-20  0.018
446.0  8.900E-20  0.018
447.0  9.840E-20  0.017
448.0  9.180E-20  0.017
449.0  1.013E-19  0.016
450.0  8.670E-20  0.016
451.0  6.340E-20  0.015
452.0  6.330E-20  0.015
453.0  6.080E-20  0.015
454.0  4.460E-20  0.014
455.0  3.690E-20  0.014
456.0  3.080E-20  0.013
457.0  2.460E-20  0.013
458.0  1.810E-20  0.013
459.0  1.280E-20  0.012
460.0  9.140E-21  0.012
461.0  7.950E-21  0.012
462.0  6.420E-21  0.011
463.0  4.790E-21  0.011
464.0  3.320E-21  0.011
465.0  2.680E-21  0.011
466.0  2.270E-21  0.010
467.0  1.870E-21  0.010
468.0  1.600E-21  0.010
469.0  1.330E-21  0.010
470.0  1.080E-21  0.009