NO2_RADM88
! Nitrogen Dioxide Photolysis (NO2)
! NO2 + hv -> NO + O       
! Abs. CS from Bass et al. [1976] and Davenport [1978];
! QY from Gardner et al. [1987]
! format:  wl, abs_cs, qy
Beginning
! With FAC, units are (cm^2/molecule)
FAC=1.0
 185.185  2.592E-19  1.000E+00
 186.916  2.718E-19  1.000E+00
 188.679  2.855E-19  1.000E+00
 190.476  2.726E-19  1.000E+00
 192.308  2.507E-19  1.000E+00
 194.175  2.443E-19  1.000E+00
 196.078  2.461E-19  1.000E+00
 198.020  2.459E-19  1.000E+00
 200.000  2.824E-19  1.000E+00
 202.020  2.918E-19  1.000E+00
 204.082  3.534E-19  1.000E+00
 206.186  3.741E-19  1.000E+00
 208.333  4.103E-19  1.000E+00
 210.526  4.359E-19  1.000E+00
 212.766  4.450E-19  1.000E+00
 215.054  4.595E-19  1.000E+00
 217.391  4.169E-19  1.000E+00
 219.780  4.538E-19  1.000E+00
 222.222  3.702E-19  1.000E+00
 224.719  3.889E-19  1.000E+00
 227.273  2.693E-19  1.000E+00
 229.885  2.757E-19  1.000E+00
 232.558  1.707E-19  1.000E+00
 235.294  1.617E-19  1.000E+00
 238.095  7.847E-20  1.000E+00
 240.964  6.118E-20  1.000E+00
 243.902  2.883E-20  1.000E+00
 246.914  2.134E-20  1.000E+00
 250.000  1.404E-20  1.000E+00
 253.165  1.492E-20  1.000E+00
 256.410  1.595E-20  1.000E+00
 259.740  1.795E-20  1.000E+00
 263.158  2.184E-20  1.000E+00
 266.667  2.717E-20  1.000E+00
 270.270  3.270E-20  1.000E+00
 273.973  4.100E-20  1.000E+00
 277.778  5.258E-20  1.000E+00
 281.690  6.265E-20  1.000E+00
 285.714  7.620E-20  1.000E+00
 289.855  9.395E-20  1.000E+00
 294.118  1.092E-19  1.000E+00
 298.500  1.262E-19  1.000E+00
 302.500  1.508E-19  1.000E+00
 303.500  1.559E-19  1.000E+00
 304.500  1.552E-19  1.000E+00
 305.500  1.533E-19  1.000E+00
 306.500  1.612E-19  1.000E+00
 307.500  1.655E-19  1.000E+00
 308.500  1.813E-19  1.000E+00
 309.500  1.826E-19  1.000E+00
 310.500  1.910E-19  1.000E+00
 311.500  2.029E-19  1.000E+00
 312.500  2.007E-19  1.000E+00
 313.500  1.993E-19  1.000E+00
 314.500  2.200E-19  1.000E+00
 317.500  2.501E-19  1.000E+00
 322.500  2.807E-19  1.000E+00
 327.500  3.042E-19  1.000E+00
 332.500  3.404E-19  1.000E+00
 337.500  3.843E-19  1.000E+00
 342.500  4.045E-19  1.000E+00
 347.500  4.465E-19  1.000E+00
 352.500  4.877E-19  1.000E+00
 357.500  4.936E-19  1.000E+00
 362.500  5.287E-19  1.000E+00
 367.500  5.401E-19  1.000E+00
 372.500  5.633E-19  1.000E+00
 377.500  5.609E-19  1.000E+00
 382.500  5.716E-19  9.974E-01
 387.500  6.003E-19  9.812E-01
 392.500  5.686E-19  9.220E-01
 397.500  6.176E-19  6.926E-01
 402.500  5.492E-19  3.559E-01
 407.500  5.981E-19  1.351E-01
 412.500  5.772E-19  5.985E-02
 417.500  0.000E+00  1.832E-02
 422.500  0.000E+00  9.000E-04
 427.500  0.000E+00  0.000E+00
