DUST_KWCP_FOU
! Refractive indices for Dust from Kinne, WCP and Fou
!Wvelen(um) Real Part  Imag Part
2.0000E-01 0.1530E+01 0.5455E-02
2.5000E-01 0.1530E+01 0.5455E-02
3.0000E-01 0.1530E+01 0.5455E-02
3.3700E-01 0.1530E+01 0.3469E-02
4.0000E-01 0.1530E+01 0.2364E-02
4.8800E-01 0.1530E+01 0.1449E-02
5.1500E-01 0.1530E+01 0.1293E-02
5.5000E-01 0.1530E+01 0.1000E-02
6.3300E-01 0.1530E+01 0.8182E-03
6.9400E-01 0.1530E+01 0.7382E-03
8.6000E-01 0.1530E+01 0.7273E-03
1.0600E+00 0.1530E+01 0.7709E-03
1.3000E+00 0.1530E+01 0.9345E-03
1.5360E+00 0.1530E+01 0.1055E-02
1.8000E+00 0.1530E+01 0.1207E-02
2.0000E+00 0.1530E+01 0.1382E-02
2.2500E+00 0.1525E+01 0.1964E-02
2.5000E+00 0.1520E+01 0.2545E-02
2.7000E+00 0.1520E+01 0.4364E-02
3.0000E+00 0.1520E+01 0.7091E-02
3.2000E+00 0.1510E+01 0.4364E-02
3.3920E+00 0.1510E+01 0.3496E-02
3.5000E+00 0.1510E+01 0.3273E-02
3.7500E+00 0.1500E+01 0.2182E-02
4.0000E+00 0.1500E+01 0.1218E-02
4.5000E+00 0.1500E+01 0.1582E-02
5.0000E+00 0.1480E+01 0.3273E-02
5.5000E+00 0.1460E+01 0.3669E-01
6.0000E+00 0.1440E+01 0.6661E-01
6.2000E+00 0.1430E+01 0.6461E-01
6.5000E+00 0.1420E+01 0.5377E-01
7.2000E+00 0.1460E+01 0.7738E-01
7.9000E+00 0.1220E+01 0.9994E-01
8.2000E+00 0.1120E+01 0.1511E+00
8.5000E+00 0.1060E+01 0.2457E+00
8.7000E+00 0.1190E+01 0.3451E+00
9.0000E+00 0.1850E+01 0.5058E+00
9.2000E+00 0.2220E+01 0.5744E+00
9.5000E+00 0.2940E+01 0.6564E+00
9.8000E+00 0.2910E+01 0.6588E+00
1.0000E+01 0.2570E+01 0.5231E+00
1.0591E+01 0.1920E+01 0.2800E+00
1.1000E+01 0.1830E+01 0.2272E+00
1.1500E+01 0.1810E+01 0.1476E+00
1.2500E+01 0.1740E+01 0.1868E+00
1.3000E+01 0.2000E+01 0.1856E+00
1.4000E+01 0.1630E+01 0.2074E+00
1.4800E+01 0.1540E+01 0.2472E+00
1.5000E+01 0.1510E+01 0.2450E+00
1.6400E+01 0.1470E+01 0.3411E+00
1.7200E+01 0.1490E+01 0.4602E+00
1.8000E+01 0.1770E+01 0.6199E+00
1.8500E+01 0.2050E+01 0.7077E+00
2.0000E+01 0.2200E+01 0.6755E+00
2.1300E+01 0.2390E+01 0.8674E+00
2.2500E+01 0.2690E+01 0.8172E+00
2.5000E+01 0.2990E+01 0.5781E+00
2.7900E+01 0.2570E+01 0.5479E+00
3.0000E+01 0.2420E+01 0.5832E+00
3.5000E+01 0.2420E+01 0.5883E+00
4.0000E+01 0.2340E+01 0.5866E+00
