NH4SO4_IF
! Ref. ind.  for ammoniumsulphate (interp)
!Wvelen(um) Real Part  Imag Part
2.0000E-01 0.1540E+01 0.1000E-06
2.5000E-01 0.1540E+01 0.1000E-06
3.0000E-01 0.1540E+01 0.1000E-06
3.3700E-01 0.1540E+01 0.1000E-06
4.0000E-01 0.1540E+01 0.1000E-06
4.8800E-01 0.1534E+01 0.1000E-06
5.1500E-01 0.1532E+01 0.1000E-06
5.5000E-01 0.1529E+01 0.1000E-06
6.3300E-01 0.1526E+01 0.1000E-06
6.9400E-01 0.1525E+01 0.1000E-06
8.6000E-01 0.1520E+01 0.1750E-06
1.0600E+00 0.1510E+01 0.2107E-05
1.3000E+00 0.1500E+01 0.1700E-04
1.5360E+00 0.1490E+01 0.1132E-03
1.8000E+00 0.1480E+01 0.7600E-04
2.0000E+00 0.1470E+01 0.1000E-02
2.2500E+00 0.1460E+01 0.1235E-02
2.5000E+00 0.1440E+01 0.3500E-03
2.7000E+00 0.1411E+01 0.2813E-02
3.0000E+00 0.1304E+01 0.1271E+00
3.2000E+00 0.1486E+01 0.2580E+00
3.3920E+00 0.1610E+01 0.1693E+00
3.5000E+00 0.1617E+01 0.1417E+00
3.7500E+00 0.1585E+01 0.4857E-01
4.0000E+00 0.1546E+01 0.1531E-01
4.5000E+00 0.1495E+01 0.7395E-02
5.0000E+00 0.1461E+01 0.6480E-02
5.5000E+00 0.1413E+01 0.8161E-02
6.0000E+00 0.1347E+01 0.1324E-01
6.2000E+00 0.1309E+01 0.1865E-01
6.5000E+00 0.1187E+01 0.6167E-01
7.2000E+00 0.1928E+01 0.5600E+00
7.9000E+00 0.1363E+01 0.7474E-01
8.2000E+00 0.1165E+01 0.1224E+00
8.5000E+00 0.1446E+01 0.6740E+00
8.7000E+00 0.1634E+01 1.0424E+00
9.0000E+00 0.1915E+01 1.5940E+00
9.2000E+00 0.2102E+01 0.1958E+01
9.5000E+00 0.2701E+01 0.6147E+00
9.8000E+00 0.2394E+01 0.2967E+00
1.0000E+01 0.2190E+01 0.1300E+00
1.0591E+01 0.1973E+01 0.5697E-01
1.1000E+01 0.1898E+01 0.4333E-01
1.1500E+01 0.1840E+01 0.2857E-01
1.2500E+01 0.1750E+01 0.2000E-01
1.3000E+01 0.1719E+01 0.2000E-01
1.4000E+01 0.1651E+01 0.2000E-01
1.4800E+01 0.1557E+01 0.2455E-01
1.5000E+01 0.1528E+01 0.2636E-01
1.6400E+01 0.2770E+01 0.5800E+00
1.7200E+01 0.2030E+01 0.7333E-01
1.8000E+01 0.1822E+01 0.3067E-01
1.8500E+01 0.1757E+01 0.2000E-01
2.0000E+01 0.1690E+01 0.2000E-01
2.1300E+01 0.1649E+01 0.2591E-01
2.2500E+01 0.1612E+01 0.3214E-01
2.5000E+01 0.1550E+01 0.5000E-01
2.7900E+01 0.1445E+01 0.9833E-01
3.0000E+01 0.1349E+01 0.2143E+00
3.5000E+01 0.1424E+01 0.6275E+00
4.0000E+01 0.2140E+01 0.1120E+01
