SOA_HADGEM2
! Refractive indices for Secondary organic aerosol (Dinar et al)
!Wvelen(um) Real Part  Imag Part
2.0000E-01 0.1430E+01 0.0000E+00
2.5000E-01 0.1430E+01 0.0000E+00
3.0000E-01 0.1430E+01 0.0000E+00
3.3700E-01 0.1430E+01 0.0000E+00
4.0000E-01 0.1430E+01 0.0000E+00
4.8800E-01 0.1430E+01 0.0000E+00
5.1500E-01 0.1430E+01 0.0000E+00
5.5000E-01 0.1430E+01 0.0000E+00
6.3300E-01 0.1430E+01 0.0000E+00
6.9400E-01 0.1430E+01 0.0000E+00
8.6000E-01 0.1430E+01 0.0000E+00
1.0600E+00 0.1430E+01 0.0000E+00
1.3000E+00 0.1430E+01 0.0000E+00
1.5360E+00 0.1430E+01 0.0000E+00
1.8000E+00 0.1430E+01 0.0000E+00
2.0000E+00 0.1430E+01 0.0000E+00
2.2500E+00 0.1430E+01 0.0000E+00
2.5000E+00 0.1430E+01 0.0000E+00
2.7000E+00 0.1430E+01 0.0000E+00
3.0000E+00 0.1430E+01 0.0000E+00
3.2000E+00 0.1430E+01 0.0000E+00
3.3920E+00 0.1430E+01 0.0000E+00
3.5000E+00 0.1430E+01 0.0000E+00
3.7500E+00 0.1430E+01 0.0000E+00
4.0000E+00 0.1430E+01 0.0000E+00
4.5000E+00 0.1430E+01 0.0000E+00
5.0000E+00 0.1430E+01 0.0000E+00
5.5000E+00 0.1430E+01 0.0000E+00
6.0000E+00 0.1430E+01 0.0000E+00
6.2000E+00 0.1430E+01 0.0000E+00
6.5000E+00 0.1430E+01 0.0000E+00
7.2000E+00 0.1430E+01 0.0000E+00
7.9000E+00 0.1430E+01 0.0000E+00
8.2000E+00 0.1430E+01 0.0000E+00
8.5000E+00 0.1430E+01 0.0000E+00
8.7000E+00 0.1430E+01 0.0000E+00
9.0000E+00 0.1430E+01 0.0000E+00
9.2000E+00 0.1430E+01 0.0000E+00
9.5000E+00 0.1430E+01 0.0000E+00
9.8000E+00 0.1430E+01 0.0000E+00
1.0000E+01 0.1430E+01 0.0000E+00
1.0591E+01 0.1430E+01 0.0000E+00
1.1000E+01 0.1430E+01 0.0000E+00
1.1500E+01 0.1430E+01 0.0000E+00
1.2500E+01 0.1430E+01 0.0000E+00
1.3000E+01 0.1430E+01 0.0000E+00
1.4000E+01 0.1430E+01 0.0000E+00
1.4800E+01 0.1430E+01 0.0000E+00
1.5000E+01 0.1430E+01 0.0000E+00
1.6400E+01 0.1430E+01 0.0000E+00
1.7200E+01 0.1430E+01 0.0000E+00
1.8000E+01 0.1430E+01 0.0000E+00
1.8500E+01 0.1430E+01 0.0000E+00
2.0000E+01 0.1430E+01 0.0000E+00
2.1300E+01 0.1430E+01 0.0000E+00
2.2500E+01 0.1430E+01 0.0000E+00
2.5000E+01 0.1430E+01 0.0000E+00
2.7900E+01 0.1430E+01 0.0000E+00
3.0000E+01 0.1430E+01 0.0000E+00
3.5000E+01 0.1430E+01 0.0000E+00
4.0000E+01 0.1430E+01 0.0000E+00
