SSAM_OPAC
! Ref. ind.  for ss am from OPAC (interp)
!Wvelen(um) Real Part  Imag Part
2.0000E-01 0.1510E+01 0.5000E-05
2.5000E-01 0.1510E+01 0.5000E-05
3.0000E-01 0.1510E+01 0.5000E-05
3.3700E-01 0.1510E+01 0.7598E-06
4.0000E-01 0.1500E+01 0.3000E-07
4.8800E-01 0.1500E+01 0.1761E-07
5.1500E-01 0.1500E+01 0.1385E-07
5.5000E-01 0.1500E+01 0.1000E-07
6.3300E-01 0.1490E+01 0.3342E-07
6.9400E-01 0.1490E+01 0.1811E-06
8.6000E-01 0.1480E+01 0.2622E-04
1.0600E+00 0.1470E+01 0.1931E-03
1.3000E+00 0.1468E+01 0.4004E-03
1.5360E+00 0.1459E+01 0.5976E-03
1.8000E+00 0.1450E+01 0.8096E-03
2.0000E+00 0.1450E+01 0.1000E-02
2.2500E+00 0.1440E+01 0.2500E-02
2.5000E+00 0.1430E+01 0.4000E-02
2.7000E+00 0.1502E+01 0.6400E-02
3.0000E+00 0.1610E+01 0.1000E-01
3.2000E+00 0.1490E+01 0.3000E-02
3.3920E+00 0.1480E+01 0.2042E-02
3.5000E+00 0.1480E+01 0.1600E-02
3.7500E+00 0.1470E+01 0.1400E-02
4.0000E+00 0.1480E+01 0.1400E-02
4.5000E+00 0.1490E+01 0.1400E-02
5.0000E+00 0.1470E+01 0.2500E-02
5.5000E+00 0.1420E+01 0.3600E-02
6.0000E+00 0.1410E+01 0.1100E-01
6.2000E+00 0.1600E+01 0.2200E-01
6.5000E+00 0.1460E+01 0.5000E-02
7.2000E+00 0.1420E+01 0.7000E-02
7.9000E+00 0.1400E+01 0.1300E-01
8.2000E+00 0.1420E+01 0.2000E-01
8.5000E+00 0.1480E+01 0.2600E-01
8.7000E+00 0.1600E+01 0.3000E-01
9.0000E+00 0.1650E+01 0.2800E-01
9.2000E+00 0.1610E+01 0.2620E-01
9.5000E+00 0.1580E+01 0.1800E-01
9.8000E+00 0.1560E+01 0.1600E-01
1.0000E+01 0.1540E+01 0.1500E-01
1.0591E+01 0.1501E+01 0.1401E-01
1.1000E+01 0.1480E+01 0.1400E-01
1.1500E+01 0.1480E+01 0.1400E-01
1.2500E+01 0.1420E+01 0.1600E-01
1.3000E+01 0.1410E+01 0.1800E-01
1.4000E+01 0.1410E+01 0.2300E-01
1.4800E+01 0.1430E+01 0.3000E-01
1.5000E+01 0.1450E+01 0.3500E-01
1.6400E+01 0.1560E+01 0.9000E-01
1.7200E+01 0.1740E+01 0.1200E+00
1.8000E+01 0.1780E+01 0.1300E+00
1.8500E+01 0.1770E+01 0.1350E+00
2.0000E+01 0.1760E+01 0.1520E+00
2.1300E+01 0.1760E+01 0.1650E+00
2.2500E+01 0.1760E+01 0.1800E+00
2.5000E+01 0.1760E+01 0.2050E+00
2.7900E+01 0.1770E+01 0.2750E+00
3.0000E+01 0.1770E+01 0.3000E+00
3.5000E+01 0.1760E+01 0.5000E+00
4.0000E+01 0.1740E+01 0.1000E+01
