ORGANICC
! Refractive indices for organic carbon (OC)
!Wvelen(um) Real Part  Imag Part
1.5000E-01 0.1601E+01 0.1176E+00
2.0000E-01 0.1601E+01 0.1176E+00
2.5000E-01 0.1601E+01 0.1176E+00
3.0000E-01 0.1601E+01 0.1176E+00
3.3700E-01 0.1601E+01 0.1176E+00
4.0000E-01 0.1634E+01 0.7770E-01
4.8800E-01 0.1634E+01 0.3675E-01
5.1500E-01 0.1634E+01 0.2520E-01
5.5000E-01 0.1634E+01 0.2100E-01
6.3300E-01 0.1634E+01 0.6300E-02
6.9400E-01 0.1634E+01 0.7000E-03
8.6000E-01 0.1634E+01 0.7000E-03
1.0600E+00 0.1634E+01 0.7000E-03
1.3000E+00 0.1634E+01 0.7000E-03
1.5360E+00 0.1634E+01 0.7000E-03
1.8000E+00 0.1634E+01 0.7000E-03
2.0000E+00 0.1634E+01 0.7000E-03
2.2500E+00 0.1634E+01 0.7000E-03
2.5000E+00 0.1634E+01 0.7000E-03
2.7000E+00 0.1634E+01 0.7000E-03
3.0000E+00 0.1634E+01 0.7000E-03
3.2000E+00 0.1634E+01 0.7000E-03
3.3920E+00 0.1634E+01 0.7000E-03
3.5000E+00 0.1634E+01 0.7000E-03
3.7500E+00 0.1634E+01 0.7000E-03
4.0000E+00 0.1554E+01 0.1750E-01
4.5000E+00 0.1559E+01 0.4550E-01
5.0000E+00 0.1549E+01 0.4200E-01
5.5000E+00 0.1538E+01 0.6300E-01
6.0000E+00 0.1506E+01 0.8050E-01
6.2000E+00 0.1527E+01 0.9450E-01
6.5000E+00 0.1559E+01 0.1155E+00
7.2000E+00 0.1495E+01 0.2450E+00
7.9000E+00 0.1282E+01 0.2275E+00
8.2000E+00 0.1079E+01 0.3500E+00
8.5000E+00 0.1388E+01 0.7525E+00
8.7000E+00 0.2563E+01 0.1015E+01
9.0000E+00 0.2734E+01 0.1295E+01
9.2000E+00 0.2350E+01 0.1470E+01
9.5000E+00 0.2083E+01 0.5600E+00
9.8000E+00 0.1997E+01 0.3325E+00
1.0000E+01 0.1944E+01 0.3150E+00
1.0591E+01 0.1881E+01 0.2460E+00
1.1000E+01 0.1837E+01 0.1750E+00
1.1500E+01 0.1784E+01 0.1645E+00
1.2500E+01 0.1730E+01 0.1855E+00
1.3000E+01 0.1730E+01 0.1925E+00
1.4000E+01 0.1666E+01 0.2555E+00
1.4800E+01 0.1538E+01 0.3500E+00
1.5000E+01 0.1517E+01 0.7000E+00
1.6400E+01 0.1869E+01 0.5600E+00
1.7200E+01 0.2221E+01 0.8470E+00
1.8000E+01 0.2115E+01 0.6300E+00
1.8500E+01 0.1976E+01 0.5950E+00
2.0000E+01 0.2264E+01 0.7700E+00
2.1300E+01 0.2200E+01 0.8050E+00
2.2500E+01 0.2136E+01 0.8400E+00
2.5000E+01 0.2008E+01 0.9800E+00
2.7900E+01 0.1965E+01 0.1015E+01
3.0000E+01 0.1944E+01 0.1050E+01
3.5000E+01 0.2051E+01 0.1400E+01
4.0000E+01 0.1986E+01 0.1750E+01
