SULPHURIC
!Refractive Index of 75 % Sulphuric Acid Droplets as given in SRA
!Wvelen(um) Real Part  Imag Part
2.0000E-01 1.49800e+00 1.00000e-08
2.5000E-01 1.48400e+00 1.00000e-08
3.0000E-01 1.46900e+00 1.00000e-08
3.3700E-01 1.45900e+00 1.00000e-08
4.0000E-01 1.44000e+00 1.00000e-08
4.8800E-01 1.43200e+00 1.00000e-08
5.1500E-01 1.43100e+00 1.00000e-08
5.5000E-01 1.43000e+00 1.00000e-08
6.3300E-01 1.42900e+00 1.47000e-08
6.9400E-01 1.42800e+00 1.99000e-08
8.6000E-01 1.42500e+00 1.79000e-07
1.0600E+00 1.42000e+00 1.50000e-06
1.3000E+00 1.41000e+00 1.00000e-05
1.5360E+00 1.40300e+00 1.37000e-04
1.8000E+00 1.39000e+00 5.50000e-04
2.0000E+00 1.38400e+00 1.26000e-03
2.2500E+00 1.37000e+00 1.80000e-03
2.5000E+00 1.34400e+00 3.76000e-03
2.7000E+00 1.30300e+00 5.70000e-03
3.0000E+00 1.29300e+00 9.55000e-02
3.2000E+00 1.31100e+00 1.35000e-01
3.3920E+00 1.35200e+00 1.59000e-01
3.5000E+00 1.37600e+00 1.58000e-01
3.7500E+00 1.39600e+00 1.31000e-01
4.0000E+00 1.39800e+00 1.26000e-01
4.5000E+00 1.38500e+00 1.20000e-01
5.0000E+00 1.36000e+00 1.21000e-01
5.5000E+00 1.33700e+00 1.83000e-01
6.0000E+00 1.42500e+00 1.95000e-01
6.2000E+00 1.42400e+00 1.65000e-01
6.5000E+00 1.37000e+00 1.28000e-01
7.2000E+00 1.21000e+00 1.76000e-01
7.9000E+00 1.14000e+00 4.88000e-01
8.2000E+00 1.20000e+00 6.45000e-01
8.5000E+00 1.37000e+00 7.55000e-01
8.7000E+00 1.53000e+00 7.72000e-01
9.0000E+00 1.65000e+00 6.33000e-01
9.2000E+00 1.60000e+00 5.86000e-01
9.5000E+00 1.67000e+00 7.50000e-01
9.8000E+00 1.91000e+00 6.80000e-01
1.0000E+01 1.89000e+00 4.55000e-01
1.0591E+01 1.72000e+00 3.40000e-01
1.1000E+01 1.67000e+00 4.85000e-01
1.1500E+01 1.89000e+00 3.74000e-01
1.2500E+01 1.74000e+00 1.98000e-01
1.3000E+01 1.69000e+00 1.95000e-01
1.4000E+01 1.64000e+00 1.95000e-01
1.4800E+01 1.61000e+00 2.05000e-01
1.5000E+01 1.59000e+00 2.11000e-01
1.6400E+01 1.52000e+00 4.14000e-01
1.7200E+01 1.72400e+00 5.90000e-01
1.8000E+01 1.95000e+00 4.10000e-01
1.8500E+01 1.92700e+00 3.02000e-01
2.0000E+01 1.82300e+00 2.35000e-01
2.1300E+01 1.78000e+00 2.92000e-01
2.2500E+01 1.87000e+00 3.15000e-01
2.5000E+01 1.93000e+00 2.00000e-01
2.7900E+01 1.92000e+00 1.80000e-01
3.0000E+01 1.92000e+00 1.80000e-01
3.5000E+01 1.90000e+00 1.90000e-01
4.0000E+01 1.89000e+00 2.20000e-01
