NAPH_SOA
!Refractive Indices for SOA materile from naphthalene
! Based on 
!
!Andrew T. Lambe, Christopher D. Cappa, Paola Massoli, Timothy B. Onasch, Sara D. Forestieri, Alexander T. Martin, Molly J. Cummings, David R. Croasdale, William H. Brune, Douglas R. Worsnop, and Paul Davidovits
!nvironmental Science & Technology 2013 47 (12), 6349-6357
!DOI: 10.1021/es401043j
!
! Values derived from the refractive index for naphthalene at 405 nm displayed in figure 6 for an o/c ration equal
!to 0.4. The imaginary part was extrapolated using the Angstrom exponents in supplementary table S2 for O/C ratio of 0.5
! Note that the exponent minus was actucally used becauase the table's values were for the Mass Absorption Coefficient.
!wv,um    m   k
0.150 1.65 0.0194
0.210 1.65 0.0194
0.215 1.65 0.0194
0.220 1.65 0.0194
0.225 1.65 0.0194
0.230 1.65 0.0194
0.235 1.65 0.0194
0.240 1.65 0.0194
0.245 1.65 0.0194
0.250 1.65 0.0194
0.255 1.65 0.0194
0.260 1.65 0.0194
0.265 1.65 0.0194
0.270 1.65 0.0194
0.275 1.65 0.0194
0.280 1.65 0.0194
0.285 1.65 0.0194
0.290 1.65 0.0194
0.295 1.65 0.0194
0.300 1.65 0.0194
0.305 1.65 0.0177
0.310 1.65 0.0161
0.315 1.65 0.0147
0.320 1.65 0.0135
0.325 1.65 0.0124
0.330 1.65 0.0114
0.335 1.65 0.0104
0.340 1.65 0.0096
0.345 1.65 0.0089
0.350 1.65 0.0082
0.355 1.65 0.0075
0.360 1.65 0.0070
0.365 1.65 0.0065
0.370 1.65 0.0060
0.375 1.65 0.0056
0.380 1.65 0.0052
0.385 1.65 0.0048
0.390 1.65 0.0045
0.395 1.65 0.0042
0.400 1.65 0.0039
0.405 1.65 0.0036
0.410 1.65 0.0034
0.415 1.65 0.0031
0.420 1.65 0.0029
0.425 1.65 0.0028
0.430 1.65 0.0026
0.435 1.65 0.0024
0.440 1.65 0.0023
0.445 1.65 0.0021
0.450 1.65 0.0020
0.455 1.65 0.0011
0.460 1.65 0.0011
0.465 1.65 0.0011
0.470 1.65 0.0011
0.475 1.65 0.0011
0.480 1.65 0.0011
0.485 1.65 0.0011
0.490 1.65 0.0011
0.495 1.65 0.0011
0.500 1.65 0.0011
0.505 1.65 0.0010
0.510 1.65 0.0010
0.515 1.65 0.0009
0.520 1.65 0.0009
0.525 1.65 0.0008
0.530 1.65 0.0008
0.535 1.65 0.0008
0.540 1.65 0.0007
0.545 1.65 0.0007
0.550 1.65 0.0007
0.555 1.65 0.0006
0.560 1.65 0.0006
0.565 1.65 0.0006
0.570 1.65 0.0005
0.575 1.65 0.0005
0.580 1.65 0.0005
0.585 1.65 0.0005
0.590 1.65 0.0004
0.595 1.65 0.0004
0.600 1.65 0.0004
0.605 1.65 0.0004
0.610 1.65 0.0004
0.615 1.65 0.0003
0.620 1.65 0.0003
0.625 1.65 0.0003
0.630 1.65 0.0003
0.635 1.65 0.0003
0.640 1.65 0.0003
0.645 1.65 0.0003
0.650 1.65 0.0003
0.655 1.65 0.0002
0.660 1.65 0.0002
0.665 1.65 0.0002
0.670 1.65 0.0002
0.675 1.65 0.0002
0.680 1.65 0.0002
0.685 1.65 0.0002
0.690 1.65 0.0002
0.695 1.65 0.0002
0.700 1.65 0.0002
0.705 1.65 0.0002
0.710 1.65 0.0002
0.715 1.65 0.0001
0.720 1.65 0.0001
0.725 1.65 0.0001
0.730 1.65 0.0001
0.735 1.65 0.0001
0.740 1.65 0.0001
0.745 1.65 0.0001
0.750 1.65 0.0001
0.755 1.65 0.0001
0.760 1.65 0.0001
0.765 1.65 0.0001
1.200 1.65 0.0001
