ALDX_R_IUPAC10
! j(ALDX_R) IUPAC(2010)/SAPRC99 CH3CH2CHO                          
! ALDX = MEO2 + RO2 + CO + HO2                                     
! From IUPAC Subcommittee on Gas Kinetic Data Evaluation           
! Data Sheet P3, updated 16th May, 2002                            
!These are point values                                            
Begining (the mechanism evaluated with this format)
!WL(nm) XSEC(cm2) QY
FAC=1.0
294.0 5.800E-20 0.890
295.0 5.570E-20 0.885
296.0 5.370E-20 0.880
297.0 5.160E-20 0.875
298.0 5.020E-20 0.870
299.0 5.020E-20 0.865
300.0 5.040E-20 0.860
301.0 5.090E-20 0.855
302.0 5.070E-20 0.850
303.0 4.940E-20 0.818
304.0 4.690E-20 0.786
305.0 4.320E-20 0.755
306.0 4.040E-20 0.723
307.0 3.810E-20 0.691
308.0 3.650E-20 0.659
309.0 3.620E-20 0.627
310.0 3.600E-20 0.596
311.0 3.530E-20 0.564
312.0 3.500E-20 0.532
313.0 3.320E-20 0.500
314.0 3.060E-20 0.480
315.0 2.770E-20 0.460
316.0 2.430E-20 0.440
317.0 2.180E-20 0.420
318.0 2.000E-20 0.400
319.0 1.860E-20 0.380
320.0 1.830E-20 0.360
321.0 1.780E-20 0.340
322.0 1.660E-20 0.320
323.0 1.580E-20 0.300
324.0 1.490E-20 0.280
325.0 1.300E-20 0.260
326.0 1.130E-20 0.248
327.0 9.960E-21 0.236
328.0 8.280E-21 0.223
329.0 6.850E-21 0.211
330.0 5.750E-21 0.199
331.0 4.940E-21 0.187
332.0 4.660E-21 0.174
333.0 4.300E-21 0.162
334.0 3.730E-21 0.150
335.0 3.250E-21 0.133
336.0 2.800E-21 0.117
337.0 2.300E-21 0.100
338.0 1.850E-21 0.083
339.0 1.660E-21 0.067
340.0 1.550E-21 0.050
341.0 1.190E-21 0.033
342.0 7.600E-22 0.017
343.0 4.500E-22 0.000
