BR2_IUPAC10
! BR2 + HV = 2BR
! BR2 Photolysis data (QY from Parrella et al., 2012)
! Supplied by Brett Gantt
! Created from IUPAC dataset
Points (these data can be treated as point values)
! With FAC, units are (cm^2/molecule)
FAC=1.0
200.0 5.620E-21 1.000
205.0 7.230E-21 1.000
210.0 8.700E-21 1.000
215.0 9.830E-21 1.000
220.0 1.040E-20 1.000
225.0 1.060E-20 1.000
230.0 1.010E-20 1.000
235.0 9.250E-21 1.000
240.0 8.080E-21 1.000
245.0 6.760E-21 1.000
250.0 5.430E-21 1.000
255.0 4.220E-21 1.000
260.0 3.160E-21 1.000
265.0 2.290E-21 1.000
270.0 1.610E-21 1.000
275.0 1.800E-21 1.000
280.0 7.280E-22 1.000
285.0 4.710E-22 1.000
290.0 2.398E-22 1.000
295.0 1.880E-22 1.000
300.0 1.240E-22 1.000
305.0 1.010E-22 1.000
310.0 1.350E-22 1.000
315.0 2.740E-22 1.000
320.0 6.260E-22 1.000
325.0 1.410E-21 1.000
330.0 2.990E-21 1.000
335.0 6.020E-21 1.000
340.0 1.140E-20 1.000
345.0 2.050E-20 1.000
350.0 3.480E-20 1.000
355.0 5.630E-20 1.000
360.0 8.650E-20 1.000
365.0 1.270E-19 1.000
370.0 1.780E-19 1.000
375.0 2.390E-19 1.000
380.0 3.070E-19 1.000
385.0 3.790E-19 1.000
390.0 4.510E-19 1.000
395.0 5.180E-19 1.000
400.0 5.740E-19 1.000
405.0 6.160E-19 1.000
410.0 6.420E-19 1.000
415.0 6.510E-19 1.000
420.0 6.770E-19 1.000
425.0 6.080E-19 1.000
430.0 6.010E-19 1.000
435.0 5.710E-19 1.000
440.0 5.400E-19 1.000
445.0 5.120E-19 1.000
450.0 4.870E-19 1.000
455.0 4.670E-19 1.000
460.0 4.510E-19 1.000
465.0 4.380E-19 1.000
470.0 4.280E-19 1.000
475.0 4.170E-19 1.000
480.0 4.030E-19 1.000
485.0 3.860E-19 1.000
490.0 3.660E-19 1.000
495.0 3.430E-19 1.000
500.0 3.180E-19 1.000
