C2CHO           
! C2CHO + HV = C2H5. + CHO.                                                      
! IUPAC (1997)                                                                   
Points (the mechanism evaluated with this format)                                
! With FAC, units are (cm^2/molecule)                                            
FAC=1.0                                                                          
294.0 5.800E-20 0.8900
295.0 5.570E-20 0.8850
296.0 5.370E-20 0.8800
297.0 5.160E-20 0.8750
298.0 5.020E-20 0.8700
299.0 5.020E-20 0.8650
300.0 5.040E-20 0.8600
301.0 5.090E-20 0.8550
302.0 5.070E-20 0.8500
303.0 4.940E-20 0.8180
304.0 4.690E-20 0.7860
305.0 4.320E-20 0.7550
306.0 4.040E-20 0.7230
307.0 3.810E-20 0.6910
308.0 3.650E-20 0.6590
309.0 3.620E-20 0.6270
310.0 3.600E-20 0.5960
311.0 3.530E-20 0.5640
312.0 3.500E-20 0.5320
313.0 3.320E-20 0.5000
314.0 3.060E-20 0.4800
315.0 2.770E-20 0.4600
316.0 2.430E-20 0.4400
317.0 2.180E-20 0.4200
318.0 2.000E-20 0.4000
319.0 1.860E-20 0.3800
320.0 1.830E-20 0.3600
321.0 1.780E-20 0.3400
322.0 1.660E-20 0.3200
323.0 1.580E-20 0.3000
324.0 1.490E-20 0.2800
325.0 1.300E-20 0.2600
326.0 1.130E-20 0.2480
327.0 9.960E-21 0.2360
328.0 8.280E-21 0.2230
329.0 6.850E-21 0.2110
330.0 5.750E-21 0.1990
331.0 4.940E-21 0.1870
332.0 4.660E-21 0.1740
333.0 4.300E-21 0.1620
334.0 3.730E-21 0.1500
335.0 3.250E-21 0.1330
336.0 2.800E-21 0.1170
337.0 2.300E-21 0.1000
338.0 1.850E-21 0.0830
339.0 1.660E-21 0.0670
340.0 1.550E-21 0.0500
341.0 1.190E-21 0.0330
342.0 7.600E-22 0.0170
343.0 4.500E-22 0.0000
