CCHO_R          
! CCHO + HV = CH3 + CHO                                                          
! IUPAC (1997)                                                                   
Points (the mechanism evaluated with this format)                                
! With FAC, units are (cm^2/molecule)                                            
FAC=1.0                                                                          
256.0 1.759E-20 0.300
258.0 1.994E-20 0.305
262.0 2.440E-20 0.3260
266.0 3.050E-20 0.3580
270.0 3.420E-20 0.3900
274.0 4.030E-20 0.4660
278.0 4.190E-20 0.5420
280.0 4.500E-20 0.5800
281.0 4.690E-20 0.5750
282.0 4.720E-20 0.5700
283.0 4.750E-20 0.5650
284.0 4.610E-20 0.5600
285.0 4.490E-20 0.5550
286.0 4.440E-20 0.5500
287.0 4.590E-20 0.5450
288.0 4.720E-20 0.5400
289.0 4.770E-20 0.5350
290.0 4.890E-20 0.5300
291.0 4.780E-20 0.5200
292.0 4.680E-20 0.5100
293.0 4.530E-20 0.5000
294.0 4.330E-20 0.4900
295.0 4.270E-20 0.4800
296.0 4.240E-20 0.4700
297.0 4.380E-20 0.4600
298.0 4.410E-20 0.4500
299.0 4.260E-20 0.4400
300.0 4.160E-20 0.4300
301.0 3.990E-20 0.4180
302.0 3.860E-20 0.4060
303.0 3.720E-20 0.3940
304.0 3.480E-20 0.3820
305.0 3.420E-20 0.3700
306.0 3.420E-20 0.3540
307.0 3.360E-20 0.3380
308.0 3.330E-20 0.3220
309.0 3.140E-20 0.3060
310.0 2.930E-20 0.2900
311.0 2.760E-20 0.2660
312.0 2.530E-20 0.2420
313.0 2.470E-20 0.2180
314.0 2.440E-20 0.1940
315.0 2.200E-20 0.1700
316.0 2.040E-20 0.1560
317.0 2.070E-20 0.1420
318.0 1.980E-20 0.1280
319.0 1.870E-20 0.1140
320.0 1.720E-20 0.1000
321.0 1.480E-20 0.0880
322.0 1.400E-20 0.0760
323.0 1.240E-20 0.0640
324.0 1.090E-20 0.0520
325.0 1.140E-20 0.0400
326.0 1.070E-20 0.0320
327.0 8.580E-21 0.0240
328.0 7.470E-21 0.0160
329.0 7.070E-21 0.0080
330.0 6.670E-21 0.0000
