CLNO-06         
! CLNO absorption cross sections recommended by IUPAC (2005)                     
! Wavelength where absorption goes to zero est'd by extrapolation                
!                                                                                
Points (the mechanism evaluated with this format)                                
! With FAC, units are (cm^2/molecule)                                            
FAC=1.0                                                                          
280.0 1.060E-19 1.0000
282.0 1.020E-19 1.0000
284.0 9.990E-20 1.0000
286.0 9.840E-20 1.0000
288.0 9.710E-20 1.0000
290.0 9.640E-20 1.0000
292.0 9.630E-20 1.0000
294.0 9.690E-20 1.0000
296.0 9.710E-20 1.0000
298.0 9.890E-20 1.0000
300.0 1.000E-19 1.0000
302.0 1.030E-19 1.0000
304.0 1.050E-19 1.0000
306.0 1.080E-19 1.0000
308.0 1.110E-19 1.0000
310.0 1.150E-19 1.0000
312.0 1.190E-19 1.0000
314.0 1.220E-19 1.0000
316.0 1.250E-19 1.0000
318.0 1.300E-19 1.0000
320.0 1.340E-19 1.0000
322.0 1.360E-19 1.0000
324.0 1.400E-19 1.0000
326.0 1.430E-19 1.0000
328.0 1.460E-19 1.0000
330.0 1.470E-19 1.0000
332.0 1.490E-19 1.0000
334.0 1.510E-19 1.0000
336.0 1.530E-19 1.0000
338.0 1.530E-19 1.0000
340.0 1.520E-19 1.0000
342.0 1.530E-19 1.0000
344.0 1.510E-19 1.0000
346.0 1.510E-19 1.0000
348.0 1.490E-19 1.0000
350.0 1.450E-19 1.0000
355.0 1.360E-19 1.0000
360.0 1.290E-19 1.0000
365.0 1.200E-19 1.0000
370.0 1.100E-19 1.0000
375.0 9.950E-20 1.0000
380.0 8.860E-20 1.0000
385.0 7.820E-20 1.0000
390.0 6.860E-20 1.0000
395.0 5.970E-20 1.0000
400.0 5.130E-20 1.0000
405.0 4.400E-20 1.0000
410.0 3.830E-20 1.0000
415.0 3.380E-20 1.0000
420.0 2.890E-20 1.0000
425.0 2.450E-20 1.0000
430.0 2.210E-20 1.0000
435.0 2.200E-20 1.0000
440.0 2.200E-20 1.0000
445.0 2.070E-20 1.0000
450.0 1.870E-20 1.0000
455.0 1.790E-20 1.0000
460.0 1.950E-20 1.0000
465.0 2.250E-20 1.0000
470.0 2.500E-20 1.0000
475.0 2.610E-20 1.0000
480.0 2.530E-20 1.0000
485.0 2.330E-20 1.0000
490.0 2.070E-20 1.0000
495.0 1.780E-20 1.0000
500.0 1.500E-20 1.0000
527.0 0.000E+00 1.0000
