CLONO2-2        
! CLONO2 + hv = CL. + NO3                                                        
! CLONO2 absorption cross sections and quantum yields recommended by IUPAC (2005)
!                                                                                
Points (the mechanism evaluated with this format)                                
! With FAC, units are (cm^2/molecule)                                            
FAC=1.0                                                                          
280.0 1.190E-19 0.6000
285.0 8.800E-20 0.6000
290.0 6.410E-20 0.6000
295.0 4.380E-20 0.6000
300.0 3.130E-20 0.6000
305.0 2.240E-20 0.6000
310.0 1.600E-20 0.6140
315.0 1.140E-20 0.6500
320.0 8.310E-21 0.6860
325.0 6.130E-21 0.7210
330.0 4.660E-21 0.7570
335.0 3.670E-21 0.7930
340.0 3.020E-21 0.8290
345.0 2.580E-21 0.8640
350.0 2.290E-21 0.9000
355.0 2.080E-21 0.9360
360.0 2.000E-21 0.9710
365.0 1.800E-21 1.0000
370.0 1.590E-21 1.0000
375.0 1.410E-21 1.0000
380.0 1.210E-21 1.0000
385.0 1.370E-21 1.0000
390.0 9.100E-22 1.0000
395.0 7.600E-22 1.0000
400.0 6.400E-22 1.0000
405.0 5.400E-22 1.0000
410.0 4.400E-22 1.0000
415.0 3.600E-22 1.0000
420.0 3.200E-22 1.0000
425.0 2.300E-22 1.0000
430.0 1.900E-22 1.0000
435.0 0.000E+00 1.0000
