CLONO           
! CLONO + HV = CL + NO2	                                                         
!	FROM IUPAC EVALUATION (1996)                                                   
Points (the mechanism evaluated with this format)                                
! With FAC, units are (cm^2/molecule)                                            
FAC=1.0                                                                          
235.0 2.150E-18 1.0000
240.0 1.760E-18 1.0000
245.0 1.370E-18 1.0000
250.0 1.060E-18 1.0000
255.0 6.500E-19 1.0000
260.0 6.460E-19 1.0000
265.0 6.930E-19 1.0000
270.0 9.030E-19 1.0000
275.0 1.100E-18 1.0000
280.0 1.320E-18 1.0000
285.0 1.440E-18 1.0000
290.0 1.440E-18 1.0000
295.0 1.420E-18 1.0000
300.0 1.290E-18 1.0000
305.0 1.140E-18 1.0000
310.0 1.050E-18 1.0000
315.0 9.810E-19 1.0000
320.0 8.030E-19 1.0000
325.0 7.540E-19 1.0000
330.0 5.870E-19 1.0000
335.0 5.770E-19 1.0000
340.0 4.370E-19 1.0000
345.0 3.570E-19 1.0000
350.0 2.690E-19 1.0000
355.0 2.290E-19 1.0000
360.0 1.610E-19 1.0000
365.0 1.130E-19 1.0000
370.0 9.000E-20 1.0000
375.0 6.900E-20 1.0000
380.0 4.100E-20 1.0000
385.0 3.300E-20 1.0000
390.0 2.200E-20 1.0000
395.0 1.500E-20 1.0000
400.0 6.000E-21 1.0000
405.0 0.000E+00 1.0000
