COOH            
! CH3OOH + HV = PRODUCTS                                                         
! IUPAC (1997).  Also recommend unit quantum yields.                             
! wl      abs        qy                                                          
Points (the mechanism evaluated with this format)                                
! With FAC, units are (cm^2/molecule)                                            
FAC=1.0                                                                          
210.0 3.120E-19 1.0000
215.0 2.090E-19 1.0000
220.0 1.540E-19 1.0000
225.0 1.220E-19 1.0000
230.0 9.620E-20 1.0000
235.0 7.610E-20 1.0000
240.0 6.050E-20 1.0000
245.0 4.880E-20 1.0000
250.0 3.980E-20 1.0000
255.0 3.230E-20 1.0000
260.0 2.560E-20 1.0000
265.0 2.110E-20 1.0000
270.0 1.700E-20 1.0000
275.0 1.390E-20 1.0000
280.0 1.090E-20 1.0000
285.0 8.630E-21 1.0000
290.0 6.910E-21 1.0000
295.0 5.510E-21 1.0000
300.0 4.130E-21 1.0000
305.0 3.130E-21 1.0000
310.0 2.390E-21 1.0000
315.0 1.820E-21 1.0000
320.0 1.370E-21 1.0000
325.0 1.050E-21 1.0000
330.0 7.900E-22 1.0000
335.0 6.100E-22 1.0000
340.0 4.700E-22 1.0000
345.0 3.500E-22 1.0000
350.0 2.700E-22 1.0000
355.0 2.100E-22 1.0000
360.0 1.600E-22 1.0000
365.0 1.200E-22 1.0000
370.0 0.000E+00 1.0000
