HCHO_MOL_JPL19
! HCHO + HV = CO + H2
! Source: Chemical Kinetics and Photochemical Data for Use in Atmospheric Studies, Evaluation No.
!         19," JPL Publication 19-5, Jet Propulsion Laboratory, Pasadena,
!         2019 http://jpldataeval.jpl.nasa.gov
! Absorption x-section from Table 4D-2 (Recommended Absorption Cross Sections of CH2O at 298 K and Temperature Coefficients Averaged over 1 nm Intervals)
! Quantum yield from Table 4D-4 (Recommended CH2O Photolysis Quantum Yields at 300 K and 1 Atmosphere)
! Supplied by Dr. William Stockwell, reformatted by Dr. Golam Sarwar to make it compatible with CMAQ
!
Points
! With FAC, units are (cm^2/molecule)
FAC=1.0
226	1.93E-22	0.000
227	1.82E-22	0.000
228	1.91E-22	0.000
229	2.05E-22	0.000
230	2.21E-22	0.000
231	3.56E-22	0.000
232	3.62E-22	0.000
233	2.83E-22	0.000
234	3.51E-22	0.000
235	3.92E-22	0.000
236	5.82E-22	0.000
237	8.33E-22	0.000
238	6.14E-22	0.000
239	7.37E-22	0.000
240	8.45E-22	0.000
241	8.37E-22	0.000
242	1.33E-21	0.000
243	1.72E-21	0.000
244	1.18E-21	0.000
245	1.42E-21	0.000
246	1.76E-21	0.000
247	1.63E-21	0.000
248	2.53E-21	0.000
249	3.43E-21	0.000
250	2.78E-21	0.490
251	2.20E-21	0.492
252	3.64E-21	0.493
253	3.12E-21	0.494
254	3.69E-21	0.495
255	4.86E-21	0.496
256	6.79E-21	0.496
257	4.78E-21	0.497
258	3.32E-21	0.497
259	6.67E-21	0.496
260	6.52E-21	0.493
261	7.13E-21	0.490
262	6.50E-21	0.487
263	1.17E-20	0.485
264	1.02E-20	0.482
265	5.72E-21	0.477
266	5.81E-21	0.471
267	1.47E-20	0.465
268	1.34E-20	0.458
269	1.07E-20	0.450
270	1.04E-20	0.441
271	2.10E-20	0.432
272	1.54E-20	0.422
273	8.75E-21	0.412
274	7.10E-21	0.401
275	2.32E-20	0.391
276	2.80E-20	0.380
277	1.70E-20	0.371
278	1.11E-20	0.362
279	2.65E-20	0.356
280	2.53E-20	0.347
281	1.68E-20	0.337
282	1.05E-20	0.329
283	7.78E-21	0.321
284	4.61E-20	0.313
285	4.37E-20	0.307
286	2.26E-20	0.302
287	1.24E-20	0.296
288	3.42E-20	0.291
289	3.48E-20	0.284
290	1.26E-20	0.278
291	1.99E-20	0.272
292	8.60E-21	0.266
293	3.36E-20	0.262
294	7.72E-20	0.259
295	4.38E-20	0.256
296	2.68E-20	0.254
297	1.47E-20	0.252
298	4.56E-20	0.249
299	3.42E-20	0.245
300	1.04E-20	0.242
301	1.76E-20	0.239
302	9.20E-21	0.238
303	3.26E-20	0.238
304	7.81E-20	0.238
305	5.12E-20	0.240
306	4.63E-20	0.242
307	1.92E-20	0.246
308	1.49E-20	0.251
309	3.52E-20	0.256
310	1.88E-20	0.263
311	4.98E-21	0.271
312	1.28E-20	0.280
313	9.74E-21	0.291
314	6.10E-20	0.302
315	6.00E-20	0.315
316	2.74E-20	0.329
317	6.25E-20	0.344
318	3.40E-20	0.361
319	1.05E-20	0.378
320	1.28E-20	0.397
321	1.73E-20	0.417
322	7.79E-21	0.439
323	3.53E-21	0.461
324	9.30E-21	0.485
325	1.66E-20	0.511
326	7.42E-20	0.537
327	4.72E-20	0.565
328	1.32E-20	0.594
329	3.37E-20	0.625
330	4.17E-20	0.657
331	1.52E-20	0.690
332	3.74E-21	0.714
333	2.31E-21	0.730
334	1.72E-21	0.737
335	1.04E-21	0.735
336	1.36E-21	0.724
337	4.14E-21	0.705
338	2.07E-20	0.687
339	5.94E-20	0.665
340	3.40E-20	0.645
341	1.06E-20	0.620
342	5.44E-21	0.590
343	2.07E-20	0.560
344	1.37E-20	0.530
345	4.71E-21	0.505
346	1.28E-21	0.480
347	4.76E-22	0.450
348	8.18E-22	0.425
349	4.08E-22	0.400
350	3.89E-22	0.375
351	9.66E-22	0.350
352	7.90E-21	0.320
353	2.46E-20	0.285
354	1.78E-20	0.250
355	7.52E-21	0.220
356	1.60E-21	0.190
357	3.72E-22	0.160
358	2.01E-22	0.130
359	1.20E-22	0.090
360	9.40E-23	0.040
361	1.08E-22	0.000
362	2.28E-22	0.000
363	1.52E-22	0.000
364	1.02E-22	0.000
365	9.50E-23	0.000
366	9.18E-23	0.000
367	9.83E-23	0.000
368	1.54E-22	0.000
369	3.21E-22	0.000
370	6.87E-22	0.000
371	6.18E-22	0.000
372	2.13E-22	0.000
373	1.22E-22	0.000
374	9.83E-23	0.000
375	9.40E-23	0.000
