HCHOrad_NASA94
! Formaldehyde Photolysis to radical (HCHOrad)
! HCHO + hv -> H + HCO     
! Taken from the original RADM data, with NASA (1994) updates
! format:  wl, abs_cs, qy
Centered
! With FAC, units are (cm^2/molecule)
FAC=1.0
 245.400  0.000E+00  0.000E+00
 248.500  0.000E+00  5.671E-03
 251.600  3.910E-22  3.405E-01
 254.800  1.183E-21  3.228E-01
 258.100  2.807E-21  3.169E-01
 261.400  5.063E-21  3.194E-01
 264.900  5.548E-21  3.325E-01
 268.500  9.348E-21  3.647E-01
 272.100  1.160E-20  4.055E-01
 275.900  1.602E-20  4.556E-01
 279.700  1.584E-20  5.223E-01
 283.700  2.267E-20  6.061E-01
 287.800  2.126E-20  6.805E-01
 292.000  2.264E-20  7.243E-01
 296.300  2.988E-20  7.423E-01
 300.500  8.500E-21  7.502E-01
 303.000  4.330E-20  7.530E-01
 304.000  4.330E-20  7.530E-01
 305.000  3.790E-20  7.530E-01
 306.000  3.250E-20  7.530E-01
 307.000  3.250E-20  7.530E-01
 308.000  2.220E-20  7.480E-01
 309.000  2.220E-20  7.480E-01
 310.000  1.575E-20  7.435E-01
 311.000  9.310E-21  7.390E-01
 312.000  9.310E-21  7.390E-01
 313.000  3.400E-20  7.240E-01
 314.000  3.400E-20  7.240E-01
 316.000  3.808E-20  6.907E-01
 320.000  1.415E-20  5.910E-01
 325.000  2.456E-20  4.560E-01
 330.000  1.785E-20  3.010E-01
 335.000  1.270E-21  1.305E-01
 340.000  2.148E-20  1.800E-02
 345.000  6.655E-21  5.000E-04
 350.000  1.375E-21  0.000E+00
 355.000  8.375E-21  0.000E+00
 360.000  0.000E+00  0.000E+00
