HCHOmol_CBIV88
! Formaldehyde Photolysis to molecular hydrogen (HCHOmol)
! HCHO + hv -> H2 + CO   
! Taken from Gery et al. (1988); Absorption CS from Bass (1980); QY from
! Calvert (1980) fit to his data and Moortgat and coworkers (1978, 1979).
! format:  wl, abs_cs, qy
Centered
! With FAC, units are (cm^2/molecule)
FAC=1.0E-20
 280  2.34  0.440
 281  1.65  0.420
 282  0.76  0.400
 283  0.46  0.380
 284  3.93  0.370
 285  3.46  0.350
 286  2.32  0.330
 287  0.95  0.320
 288  2.32  0.300
 289  2.50  0.290
 290  1.43  0.280
 291  1.32  0.270
 292  0.66  0.250
 293  5.22  0.240
 294  4.30  0.240
 295  3.21  0.230
 296  1.59  0.220
 297  1.96  0.210
 298  3.66  0.210
 299  1.55  0.210
 300  0.72  0.200
 301  1.51  0.200
 302  0.74  0.200
 303  4.35  0.200
 304  4.79  0.200
 305  4.94  0.210
 306  3.02  0.210
 307  1.16  0.210
 308  2.18  0.220
 309  2.25  0.230
 310  1.03  0.240
 311  0.81  0.250
 312  1.49  0.260
 313  1.55  0.270
 314  3.99  0.280
 315  2.88  0.300
 316  2.79  0.310
 317  3.59  0.330
 318  1.65  0.350
 319  0.73  0.370
 320  1.71  0.390
 321  1.32  0.410
 322  0.43  0.430
 323  0.60  0.460
 324  0.75  0.490
 325  2.19  0.510
 326  3.44  0.540
 327  1.75  0.550
 328  1.01  0.570
 329  3.03  0.580
 330  1.96  0.590
 331  0.79  0.600
 332  0.32  0.610
 333  0.15  0.620
 334  0.17  0.620
 335  0.02  0.620
 336  0.17  0.620
 337  0.32  0.620
 338  1.93  0.610
 339  2.15  0.610
 340  1.07  0.600
 341  0.31  0.590
 342  0.94  0.570
 343  1.37  0.560
 344  0.57  0.540
 345  0.12  0.520
 346  0.04  0.500
 347  0.04  0.470
 348  0.07  0.450
 349  0.03  0.420
 350  0.03  0.390
 351  0.09  0.360
 352  0.90  0.330
 353  1.17  0.300
 354  0.72  0.260
 355  0.26  0.230
 356  0.05  0.200
 357  0.03  0.160
 358  0.04  0.130
 359  0.03  0.100
