HKET_RACM2
! HKET + HV = HO2 + ACO3 + HCHO  
! Absorption x-section from                                                    
! Quantum yield from  
! Supplied by Dr. Wendy Goliff, reformatted by Dr. Golam Sarwar to make it compatible with CMAQ
Points 
! With FAC, units are (cm^2/molecule)
FAC=1.0
186.1  0.000E+00  0.000
187.8  0.000E+00  0.000
189.6  0.000E+00  0.000
191.4  0.000E+00  0.000
193.3  0.000E+00  0.000
195.2  0.000E+00  0.000
197.1  0.000E+00  0.000
199.0  0.000E+00  0.000
201.0  0.000E+00  0.000
203.1  0.000E+00  0.000
205.2  0.000E+00  0.000
207.3  0.000E+00  0.000
209.4  0.000E+00  0.000
211.7  0.000E+00  0.000
213.9  0.000E+00  0.000
216.2  0.000E+00  0.000
218.6  0.000E+00  0.000
221.0  0.000E+00  0.000
223.5  0.000E+00  0.000
226.0  0.000E+00  0.000
228.6  0.000E+00  0.000
231.3  0.000E+00  0.000
234.0  0.000E+00  0.000
236.7  0.229E-19  0.000
239.6  0.278E-19  0.000
242.5  0.334E-19  0.650
245.4  0.374E-19  0.650
248.5  0.456E-19  0.650
251.6  0.518E-19  0.650
254.8  0.572E-19  0.650
258.2  0.619E-19  0.650
261.5  0.661E-19  0.650
265.0  0.674E-19  0.650
268.5  0.667E-19  0.650
272.2  0.642E-19  0.650
275.9  0.590E-19  0.650
279.8  0.512E-19  0.650
283.7  0.427E-19  0.650
287.8  0.334E-19  0.650
292.0  0.245E-19  0.650
296.3  0.169E-19  0.650
300.5  0.961E-20  0.650
303.0  0.743E-20  0.650
304.0  0.652E-20  0.650
305.0  0.569E-20  0.650
306.0  0.493E-20  0.650
307.0  0.431E-20  0.650
308.0  0.379E-20  0.650
309.0  0.331E-20  0.650
310.0  0.287E-20  0.650
311.0  0.249E-20  0.650
312.0  0.219E-20  0.650
313.0  0.192E-20  0.650
314.0  0.177E-20  0.650
316.0  0.142E-20  0.650
320.0  0.954E-21  0.650
325.0  0.629E-21  0.650
330.0  0.463E-21  0.650
335.0  0.345E-21  0.650
340.0  0.000E+00  0.650
345.0  0.000E+00  0.650
350.0  0.000E+00  0.650
355.0  0.000E+00  0.650
360.0  0.000E+00  0.650
365.0  0.000E+00  0.650
370.0  0.000E+00  0.650
375.0  0.000E+00  0.650
380.0  0.000E+00  0.650
385.0  0.000E+00  0.650
390.0  0.000E+00  0.650
395.0  0.000E+00  0.650
400.0  0.000E+00  0.650
405.0  0.000E+00  0.650
410.0  0.000E+00  0.650
415.0  0.000E+00  0.650
420.0  0.000E+00  0.650
425.0  0.000E+00  0.000
430.0  0.000E+00  0.000
435.0  0.000E+00  0.000
440.0  0.000E+00  0.000
445.0  0.000E+00  0.000
450.0  0.000E+00  0.000
455.0  0.000E+00  0.000
460.0  0.000E+00  0.000
465.0  0.000E+00  0.000
470.0  0.000E+00  0.000
475.0  0.000E+00  0.000
480.0  0.000E+00  0.000
485.0  0.000E+00  0.000
490.0  0.000E+00  0.000
495.0  0.000E+00  0.000
500.0  0.000E+00  0.000
505.0  0.000E+00  0.000
510.0  0.000E+00  0.000
515.0  0.000E+00  0.000
520.0  0.000E+00  0.000
525.0  0.000E+00  0.000
530.0  0.000E+00  0.000
535.0  0.000E+00  0.000
540.0  0.000E+00  0.000
545.0  0.000E+00  0.000
550.0  0.000E+00  0.000
555.0  0.000E+00  0.000
560.0  0.000E+00  0.000
565.0  0.000E+00  0.000
570.0  0.000E+00  0.000
575.0  0.000E+00  0.000
580.0  0.000E+00  0.000
585.0  0.000E+00  0.000
590.0  0.000E+00  0.000
595.0  0.000E+00  0.000
600.0  0.000E+00  0.000
605.0  0.000E+00  0.000
610.0  0.000E+00  0.000
615.0  0.000E+00  0.000
620.0  0.000E+00  0.000
625.0  0.000E+00  0.000
630.0  0.000E+00  0.000
635.0  0.000E+00  0.000
640.0  0.000E+00  0.000
644.8  0.000E+00  0.000
651.0  0.000E+00  0.000
660.0  0.000E+00  0.000
670.0  0.000E+00  0.000
680.0  0.000E+00  0.000
690.0  0.000E+00  0.000
700.0  0.000E+00  0.000
710.0  0.000E+00  0.000
720.0  0.000E+00  0.000
730.0  0.000E+00  0.000
