HOBR             
! HOBR + HV = BR + OH
! HOBr Photolysis data  
! Supplied by Brett Gantt
! Created from IUPAC dataset 3-Mar-2014 10:00
Points (These data can be treated as point values)
! With FAC, units are (cm^2/molecule)
FAC=1.0
250.0 4.160E-20 1.000
255.0 6.930E-20 1.000
260.0 1.050E-19 1.000
265.0 1.460E-19 1.000
270.0 1.870E-19 1.000
275.0 2.210E-19 1.000
280.0 2.430E-19 1.000
285.0 2.500E-19 1.000
290.0 2.400E-19 1.000
295.0 2.100E-19 1.000
300.0 1.910E-19 1.000
305.0 1.620E-19 1.000
310.0 1.360E-19 1.000
315.0 1.180E-19 1.000
320.0 1.080E-19 1.000
325.0 1.050E-19 1.000
330.0 1.080E-19 1.000
335.0 1.130E-19 1.000
340.0 1.190E-19 1.000
350.0 1.230E-19 1.000
345.0 1.250E-19 1.000
355.0 1.220E-19 1.000
360.0 1.150E-19 1.000
365.0 1.050E-19 1.000
370.0 9.320E-20 1.000
375.0 8.000E-20 1.000
380.0 6.660E-20 1.000
385.0 5.380E-20 1.000
390.0 4.220E-20 1.000
395.0 3.240E-20 1.000
400.0 2.430E-20 1.000
405.0 1.800E-20 1.000
410.0 1.360E-20 1.000
415.0 1.080E-20 1.000
420.0 9.670E-21 1.000
425.0 1.000E-20 1.000
430.0 1.150E-20 1.000
435.0 1.400E-20 1.000
440.0 1.680E-20 1.000
445.0 1.960E-20 1.000
450.0 2.180E-20 1.000
455.0 2.280E-20 1.000
460.0 2.280E-20 1.000
465.0 2.140E-20 1.000
470.0 1.910E-20 1.000
475.0 1.620E-20 1.000
480.0 1.300E-20 1.000
485.0 9.930E-21 1.000
490.0 7.230E-21 1.000
495.0 5.020E-21 1.000
500.0 3.340E-21 1.000
505.0 2.120E-21 1.000
510.0 1.290E-21 1.000
515.0 7.500E-22 1.000
520.0 4.200E-22 1.000
525.0 2.300E-22 1.000
530.0 1.200E-22 1.000
535.0 6.000E-23 1.000
540.0 3.000E-23 1.000
545.0 1.000E-24 1.000
