HOI_IUPAC10
! HOI + HV = I + OH
! HOI Photolysis data
! Supplied by Golam Sarwar 
! Created from IUPAC dataset PI2
Points (these data can be treated as point values)
! With FAC, units are (cm^2/molecule)
FAC=1.0
280.0 7.700E-22 1.000
285.0 2.260E-21 1.000
290.0 5.890E-21 1.000
295.0 1.370E-20 1.000
300.0 2.860E-20 1.000
305.0 5.410E-20 1.000
310.0 9.260E-20 1.000
315.0 1.450E-19 1.000
320.0 2.070E-19 1.000
325.0 2.720E-19 1.000
330.0 3.290E-19 1.000
335.0 3.700E-19 1.000
340.0 3.850E-19 1.000
345.0 3.770E-19 1.000
350.0 3.470E-19 1.000
355.0 3.040E-19 1.000
360.0 2.580E-19 1.000
365.0 2.210E-19 1.000
370.0 1.980E-19 1.000
375.0 1.940E-19 1.000
380.0 2.070E-19 1.000
385.0 2.330E-19 1.000
390.0 2.660E-19 1.000
395.0 2.980E-19 1.000
400.0 3.220E-19 1.000
405.0 3.320E-19 1.000
410.0 3.270E-19 1.000
415.0 3.070E-19 1.000
420.0 2.750E-19 1.000
425.0 2.350E-19 1.000
430.0 1.920E-19 1.000
435.0 1.500E-19 1.000
440.0 1.130E-19 1.000
445.0 8.130E-20 1.000
450.0 5.630E-20 1.000
455.0 3.760E-20 1.000
460.0 2.420E-20 1.000
465.0 1.500E-20 1.000
470.0 9.040E-21 1.000
475.0 5.250E-21 1.000
480.0 2.960E-21 1.000
485.0 1.610E-21 1.000
490.0 8.600E-22 1.000
