HONO-NO
! HONO + HV = HO. + NO
! SAPRC-99 Photolysis data.  Supplied by William P. L. Carter.
! Created from PhotDat.xls on 29-Jan-2000 10:07
Points (the mechanism was evaluated assuming this format)
! With FAC, units are (cm^2/molecule)
FAC=1.0
309.0 0.000E+00 0.410
310.0 1.300E-20 0.410
311.0 1.900E-20 0.411
312.0 2.800E-20 0.421
313.0 2.200E-20 0.432
314.0 3.600E-20 0.443
315.0 3.000E-20 0.454
316.0 1.400E-20 0.464
317.0 3.100E-20 0.475
318.0 5.600E-20 0.486
319.0 3.600E-20 0.496
320.0 4.900E-20 0.507
321.0 7.800E-20 0.518
322.0 4.900E-20 0.529
323.0 5.100E-20 0.539
324.0 7.100E-20 0.550
325.0 5.000E-20 0.561
326.0 2.900E-20 0.571
327.0 6.600E-20 0.582
328.0 1.170E-19 0.593
329.0 6.100E-20 0.604
330.0 1.110E-19 0.614
331.0 1.790E-19 0.625
332.0 8.700E-20 0.636
333.0 7.600E-20 0.646
334.0 9.600E-20 0.657
335.0 9.600E-20 0.668
336.0 7.200E-20 0.679
337.0 5.300E-20 0.689
338.0 1.000E-19 0.700
339.0 1.880E-19 0.711
340.0 1.000E-19 0.721
341.0 1.700E-19 0.732
342.0 3.860E-19 0.743
343.0 1.490E-19 0.754
344.0 9.700E-20 0.764
345.0 1.090E-19 0.775
346.0 1.230E-19 0.786
347.0 1.040E-19 0.796
348.0 9.100E-20 0.807
349.0 7.900E-20 0.818
350.0 1.120E-19 0.829
351.0 2.120E-19 0.839
352.0 1.550E-19 0.850
353.0 1.910E-19 0.861
354.0 5.810E-19 0.871
355.0 3.640E-19 0.882
356.0 1.410E-19 0.893
357.0 1.170E-19 0.904
358.0 1.200E-19 0.914
359.0 1.040E-19 0.925
360.0 9.000E-20 0.936
361.0 8.300E-20 0.946
362.0 8.000E-20 0.957
363.0 9.600E-20 0.968
364.0 1.460E-19 0.979
365.0 1.680E-19 0.989
366.0 1.830E-19 1.000
367.0 3.020E-19 1.000
368.0 5.200E-19 1.000
369.0 3.880E-19 1.000
370.0 1.780E-19 1.000
371.0 1.130E-19 1.000
372.0 1.000E-19 1.000
373.0 7.700E-20 1.000
374.0 6.200E-20 1.000
375.0 5.300E-20 1.000
376.0 5.300E-20 1.000
377.0 5.000E-20 1.000
378.0 5.800E-20 1.000
379.0 8.000E-20 1.000
380.0 9.600E-20 1.000
381.0 1.130E-19 1.000
382.0 1.590E-19 1.000
383.0 2.100E-19 1.000
384.0 2.410E-19 1.000
385.0 2.030E-19 1.000
386.0 1.340E-19 1.000
387.0 9.000E-20 1.000
388.0 5.600E-20 1.000
389.0 3.400E-20 1.000
390.0 2.700E-20 1.000
391.0 2.000E-20 1.000
392.0 1.500E-20 1.000
393.0 1.100E-20 1.000
394.0 6.000E-21 1.000
395.0 1.000E-20 1.000
396.0 4.000E-21 1.000
400.0 0.000E+00 1.000
