HONO_IUPAC04
!HONO + HV = HO + NO
! From IUPAC Subcommittee on Gas Kinetic Data Evaluation
! Data Sheet PNOx1_HONO, updated 16th July 2001
! Website: http://www.iupac-kinetic.ch.cam.ac.uk/
! NASA JPL (2015) below 305 nm
Points (!These are point values)
! With FAC, units are (cm^2/molecule)
FAC=1.0
184.0 8.50e-19 1.000 
186.0 9.50e-19 1.000
188.0 1.06e-18 1.000
190.0 1.24e-18 1.000
192.0 1.43e-18 1.000
194.0 1.62e-18 1.000
196.0 1.79e-18 1.000
198.0 1.96e-18 1.000
200.0 2.10e-18 1.000
202.0 2.19e-18 1.000
204.0 2.23e-18 1.000
205.0 2.24e-18 1.000
206.0 2.23e-18 1.000
208.0 2.20e-18 1.000
210.0 2.13e-18 1.000
212.0 2.04e-18 1.000
214.0 1.93e-18 1.000
216.0 1.79e-18 1.000
218.0 1.64e-18 1.000
220.0 1.50e-18 1.000
222.0 1.35e-18 1.000
224.0 1.21e-18 1.000
226.0 1.08e-18 1.000
228.0 9.45e-19 1.000
230.0 8.45e-19 1.000
232.0 7.40e-19 1.000
234.0 6.60e-19 1.000
236.0 5.80e-19 1.000
238.0 5.00e-19 1.000
240.0 4.30e-19 1.000
242.0 3.70e-19 1.000
244.0 3.20e-19 1.000
246.0 2.75e-19 1.000
248.0 2.35e-19 1.000
250.0 2.00e-19 1.000
252.0 1.70e-19 1.000
254.0 1.45e-19 1.000
256.0 1.23e-19 1.000
258.0 1.03e-19 1.000
260.0 8.60e-20 1.000
262.0 7.30e-20 1.000
264.0 6.20e-20 1.000
266.0 5.30e-20 1.000
268.0 4.30e-20 1.000
270.0 3.70e-20 1.000
272.0 3.00e-20 1.000
274.0 2.50e-20 1.000
296.0 3.26e-21 1.000
297.0 5.65e-21 1.000
298.0 5.17e-21 1.000
299.0 4.29e-21 1.000
300.0 6.17E-21 1.000
305.0 0.70E-20 1.000
310.0 1.60E-20 1.000
315.0 2.50E-20 1.000
320.0 4.40E-20 1.000
325.0 5.00E-20 1.000
330.0 9.30E-20 1.000
335.0 6.50E-20 1.000
340.0 1.68E-19 1.000
345.0 9.60E-20 1.000
350.0 1.15E-19 1.000
355.0 2.36E-19 1.000
360.0 8.00E-20 1.000
365.0 1.61E-19 1.000
370.0 2.05E-19 1.000
375.0 4.90E-20 1.000
380.0 9.20E-20 1.000
385.0 1.45E-19 1.000
390.0 2.40E-20 1.000
395.0 0.60E-20 1.000
400.0 0.00E-00 1.000
