INO2_06
! INO2 + HV = I + NO2
! INO2 Photolysis data (QY assumed)
! Supplied by Golam Sarwar 
! Created from NASA/JPL dataset
Points (these data can be treated as point values)
! With FAC, units are (cm^2/molecule)
FAC=1.0
210.0 2.360E-18 1.000
215.0 1.870E-18 1.000
220.0 1.960E-18 1.000
225.0 2.790E-18 1.000
230.0 3.470E-18 1.000
235.0 3.990E-18 1.000
240.0 4.220E-18 1.000
245.0 4.000E-18 1.000
250.0 3.300E-18 1.000
255.0 2.340E-18 1.000
260.0 1.620E-18 1.000
265.0 9.960E-19 1.000
270.0 8.710E-19 1.000
275.0 8.980E-19 1.000
280.0 9.960E-19 1.000
285.0 9.220E-19 1.000
290.0 8.100E-19 1.000
295.0 6.200E-19 1.000
300.0 3.730E-19 1.000
305.0 3.080E-19 1.000
310.0 2.470E-19 1.000
315.0 2.510E-19 1.000
320.0 2.750E-19 1.000
325.0 3.250E-19 1.000
330.0 3.120E-19 1.000
335.0 3.490E-19 1.000
340.0 3.730E-19 1.000
345.0 3.730E-19 1.000
350.0 2.980E-19 1.000
355.0 2.950E-19 1.000
360.0 2.710E-19 1.000
365.0 2.070E-19 1.000
370.0 1.490E-19 1.000
375.0 7.400E-20 1.000
380.0 2.400E-20 1.000