KET_IUPAC10
! j(KET)  IUPAC(2010)  CH3COC2H5                                   
! KET = products                                                   
! From IUPAC Subcommittee on Gas Kinetic Data Evaluation           
! Data Sheet P8, updated 5th Dec, 2005                             
! Use quantum yield from ACET                                      
!These are point values                                            
Begining (the mechanism evaluated with this format)
!WL(nm) XSEC(cm2) QY
FAC=1.0
280.0 5.740E-20 0.600
281.0 5.720E-20 0.582
282.0 5.680E-20 0.563
283.0 5.620E-20 0.544
284.0 5.540E-20 0.526
285.0 5.440E-20 0.507
286.0 5.350E-20 0.489
287.0 5.260E-20 0.471
288.0 5.170E-20 0.453
289.0 5.060E-20 0.436
290.0 4.940E-20 0.419
291.0 4.780E-20 0.402
292.0 4.600E-20 0.385
293.0 4.420E-20 0.370
294.0 4.240E-20 0.354
295.0 4.080E-20 0.339
296.0 3.930E-20 0.324
297.0 3.790E-20 0.310
298.0 3.650E-20 0.296
299.0 3.480E-20 0.283
300.0 3.300E-20 0.270
301.0 3.100E-20 0.258
302.0 2.890E-20 0.246
303.0 2.690E-20 0.224
304.0 2.500E-20 0.195
305.0 2.330E-20 0.170
306.0 2.170E-20 0.147
307.0 2.020E-20 0.127
308.0 1.880E-20 0.111
309.0 1.730E-20 0.096
310.0 1.580E-20 0.084
311.0 1.420E-20 0.073
312.0 1.280E-20 0.064
313.0 1.140E-20 0.056
314.0 1.010E-20 0.050
315.0 8.960E-21 0.044
316.0 7.940E-21 0.039
317.0 6.970E-21 0.035
318.0 6.110E-21 0.031
319.0 5.310E-21 0.028
320.0 4.570E-21 0.025
321.0 3.890E-21 0.023
322.0 3.280E-21 0.021
323.0 2.760E-21 0.019
324.0 2.290E-21 0.017
325.0 1.890E-21 0.016
326.0 1.560E-21 0.014
327.0 1.290E-21 0.013
328.0 1.050E-21 0.012
329.0 8.500E-22 0.011
330.0 6.700E-22 0.010
331.0 5.400E-22 0.009
332.0 4.200E-22 0.009
333.0 3.300E-22 0.008
334.0 2.500E-22 0.007
335.0 2.000E-22 0.007
336.0 1.400E-22 0.006
337.0 1.100E-22 0.006
338.0 8.000E-23 0.005
339.0 7.000E-23 0.005
340.0 5.000E-23 0.005
341.0 5.000E-23 0.004
342.0 3.000E-23 0.004
343.0 3.000E-23 0.004
344.0 2.000E-23 0.004
345.0 1.000E-23 0.003
346.0 1.000E-23 0.003
347.0 0.000E+00 0.000
