MHP_NASA94
! Methyl Hydrogen Peroxide Photolysis (MHP)
! CH3OOH + hv -> products            
! Taken from NASA (1994)
! format:  wl, abs_cs, qy
Centered
! With FAC, units are (cm^2/molecule)
FAC=1.0
 203.100  0.000E+00  1.000E+00
 205.100  1.759E-19  1.000E+00
 207.300  3.120E-19  1.000E+00
 209.400  3.120E-19  1.000E+00
 211.600  3.120E-19  1.000E+00
 213.900  3.083E-19  1.000E+00
 216.200  1.540E-19  1.000E+00
 218.600  1.540E-19  1.000E+00
 221.000  1.540E-19  1.000E+00
 223.500  1.540E-19  1.000E+00
 226.000  1.026E-19  1.000E+00
 228.600  9.620E-20  1.000E+00
 231.200  9.620E-20  1.000E+00
 233.900  9.236E-20  1.000E+00
 236.700  6.050E-20  1.000E+00
 239.500  6.050E-20  1.000E+00
 242.400  6.050E-20  1.000E+00
 245.400  4.735E-20  1.000E+00
 248.500  3.980E-20  1.000E+00
 251.600  3.980E-20  1.000E+00
 254.800  3.363E-20  1.000E+00
 258.100  2.560E-20  1.000E+00
 261.400  2.560E-20  1.000E+00
 264.900  2.151E-20  1.000E+00
 268.500  1.700E-20  1.000E+00
 272.100  1.700E-20  1.000E+00
 275.900  1.255E-20  1.000E+00
 279.700  1.090E-20  1.000E+00
 283.700  1.019E-20  1.000E+00
 287.800  6.900E-21  1.000E+00
 292.000  6.900E-21  1.000E+00
 296.300  4.664E-21  1.000E+00
 300.500  4.100E-21  1.000E+00
 303.000  4.100E-21  1.000E+00
 304.000  4.100E-21  1.000E+00
 305.000  3.250E-21  1.000E+00
 306.000  2.400E-21  1.000E+00
 307.000  2.400E-21  1.000E+00
 308.000  2.400E-21  1.000E+00
 309.000  2.400E-21  1.000E+00
 310.000  2.400E-21  1.000E+00
 311.000  2.400E-21  1.000E+00
 312.000  2.400E-21  1.000E+00
 313.000  2.400E-21  1.000E+00
 314.000  2.400E-21  1.000E+00
 316.000  1.567E-21  1.000E+00
 320.000  1.400E-21  1.000E+00
 325.000  1.095E-21  1.000E+00
 330.000  7.900E-22  1.000E+00
 335.000  6.300E-22  1.000E+00
 340.000  4.700E-22  1.000E+00
 345.000  3.700E-22  1.000E+00
 350.000  2.700E-22  1.000E+00
 355.000  2.150E-22  1.000E+00
 360.000  1.600E-22  1.000E+00
 365.000  8.000E-23  1.000E+00
 370.000  0.000E+00  1.000E+00

