MI2_IUPAC10
! MI2 + HV = 2.0*I  
! MI2 Photolysis data  
! Supplied by Golam Sarwar 
! Created from IUPAC dataset PI12
Points (these data can be treated as point values)
! With FAC, units are (cm^2/molecule)
FAC=1.0
205.0 4.070E-18 1.000
210.0 4.040E-18 1.000
215.0 3.220E-18 1.000
220.0 2.600E-18 1.000
225.0 1.980E-18 1.000
230.0 1.320E-18 1.000
235.0 1.090E-18 1.000
240.0 1.230E-18 1.000
245.0 1.500E-18 1.000
250.0 1.570E-18 1.000
255.0 1.400E-18 1.000
260.0 1.200E-18 1.000
265.0 1.300E-18 1.000
270.0 1.790E-18 1.000
275.0 2.550E-18 1.000
280.0 3.280E-18 1.000
285.0 3.730E-18 1.000
290.0 3.810E-18 1.000
295.0 3.720E-18 1.000
300.0 3.570E-18 1.000
305.0 3.380E-18 1.000
310.0 3.140E-18 1.000
315.0 2.800E-18 1.000
320.0 2.440E-18 1.000
325.0 2.030E-18 1.000
330.0 1.610E-18 1.000
335.0 1.200E-18 1.000
340.0 8.330E-19 1.000
345.0 5.370E-19 1.000
350.0 3.260E-19 1.000
355.0 1.920E-19 1.000
360.0 1.090E-19 1.000
365.0 6.050E-20 1.000
370.0 3.400E-20 1.000
375.0 1.930E-20 1.000
380.0 1.160E-20 1.000
385.0 7.700E-21 1.000
