MVK_RACM2
! MVK + HV = 0.3*MO2 + 0.3*MACP + 0.7*CO + 0.7*UALD  
! Absorption x-section from NASA 2006                                                    
! Quantum yield from    
! Supplied by Dr. Wendy Goliff, reformatted by Dr. Golam Sarwar to make it compatible with CMAQ
Points 
! With FAC, units are (cm^2/molecule)
FAC=1.0
186.1  0.000E+00  0.000
187.8  0.000E+00  0.000
189.6  0.000E+00  0.000
191.4  0.000E+00  0.000
193.3  0.000E+00  0.000
195.2  0.000E+00  0.000
197.1  0.000E+00  0.000
199.0  0.000E+00  0.000
201.0  0.000E+00  0.000
203.1  0.000E+00  0.000
205.2  0.000E+00  0.000
207.3  0.000E+00  0.000
209.4  0.000E+00  0.000
211.7  0.000E+00  0.000
213.9  0.000E+00  0.000
216.2  0.000E+00  0.000
218.6  0.000E+00  0.000
221.0  0.000E+00  0.000
223.5  0.000E+00  0.000
226.0  0.000E+00  0.000
228.6  0.000E+00  0.000
231.3  0.000E+00  0.000
234.0  0.000E+00  0.000
236.7  0.000E+00  0.000
239.6  0.000E+00  0.000
242.5  0.000E+00  0.000
245.4  0.000E+00  0.000
248.5  0.000E+00  0.000
251.6  0.231E-20  0.000
254.8  0.255E-20  0.000
258.2  0.296E-20  0.000
261.5  0.344E-20  0.000
265.0  0.465E-20  0.000
268.5  0.594E-20  0.000
272.2  0.767E-20  0.000
275.9  0.998E-20  0.000
279.8  0.133E-19  0.039
283.7  0.170E-19  0.032
287.8  0.215E-19  0.025
292.0  0.267E-19  0.020
296.3  0.324E-19  0.016
300.5  0.396E-19  0.013
303.0  0.435E-19  0.011
304.0  0.451E-19  0.011
305.0  0.466E-19  0.010
306.0  0.482E-19  0.009
307.0  0.496E-19  0.009
308.0  0.513E-19  0.008
309.0  0.530E-19  0.008
310.0  0.544E-19  0.008
311.0  0.558E-19  0.007
312.0  0.573E-19  0.007
313.0  0.587E-19  0.006
314.0  0.602E-19  0.006
316.0  0.628E-19  0.005
320.0  0.670E-19  0.004
325.0  0.695E-19  0.003
330.0  0.728E-19  0.003
335.0  0.694E-19  0.002
340.0  0.644E-19  0.001
345.0  0.623E-19  0.001
350.0  0.520E-19  0.001
355.0  0.415E-19  0.001
360.0  0.368E-19  0.000
365.0  0.303E-19  0.000
370.0  0.188E-19  0.000
375.0  0.131E-19  0.000
380.0  0.105E-19  0.000
385.0  0.757E-20  0.000
390.0  0.344E-20  0.000
395.0  0.207E-20  0.000
400.0  0.000E+00  0.000
405.0  0.000E+00  0.000
410.0  0.000E+00  0.000
415.0  0.000E+00  0.000
420.0  0.000E+00  0.000
425.0  0.000E+00  0.000
430.0  0.000E+00  0.000
435.0  0.000E+00  0.000
440.0  0.000E+00  0.000
445.0  0.000E+00  0.000
450.0  0.000E+00  0.000
455.0  0.000E+00  0.000
460.0  0.000E+00  0.000
465.0  0.000E+00  0.000
470.0  0.000E+00  0.000
475.0  0.000E+00  0.000
480.0  0.000E+00  0.000
485.0  0.000E+00  0.000
490.0  0.000E+00  0.000
495.0  0.000E+00  0.000
500.0  0.000E+00  0.000
505.0  0.000E+00  0.000
510.0  0.000E+00  0.000
515.0  0.000E+00  0.000
520.0  0.000E+00  0.000
525.0  0.000E+00  0.000
530.0  0.000E+00  0.000
535.0  0.000E+00  0.000
540.0  0.000E+00  0.000
545.0  0.000E+00  0.000
550.0  0.000E+00  0.000
555.0  0.000E+00  0.000
560.0  0.000E+00  0.000
565.0  0.000E+00  0.000
570.0  0.000E+00  0.000
575.0  0.000E+00  0.000
580.0  0.000E+00  0.000
585.0  0.000E+00  0.000
590.0  0.000E+00  0.000
595.0  0.000E+00  0.000
600.0  0.000E+00  0.000
605.0  0.000E+00  0.000
610.0  0.000E+00  0.000
615.0  0.000E+00  0.000
620.0  0.000E+00  0.000
625.0  0.000E+00  0.000
630.0  0.000E+00  0.000
635.0  0.000E+00  0.000
640.0  0.000E+00  0.000
644.8  0.000E+00  0.000
651.0  0.000E+00  0.000
660.0  0.000E+00  0.000
670.0  0.000E+00  0.000
680.0  0.000E+00  0.000
690.0  0.000E+00  0.000
700.0  0.000E+00  0.000
710.0  0.000E+00  0.000
720.0  0.000E+00  0.000
730.0  0.000E+00  0.000
