N2O5_O3P_JPL11
! j(N2O5_O3P)
! N2O5 = NO3 + NO + O3P
! Cross-section from JPL 2011
! Quantum Yields based on linear regression from available data
!    phi = 0                           for l < 221.11820
!    phi = 3.832441-0.012809638*l      for 221.11820 <= l <= 299.18441
!    phi = 1                           for l > 299.18441
Points (! These are point values)
! With FAC, units are (cm^2/molecule)
FAC=1.0
200.0 9.10E-18 1.000
202.0 8.42E-18 1.000
204.0 7.71E-18 1.000
206.0 6.82E-18 1.000
208.0 5.85E-18 1.000
210.0 4.45E-18 1.000
212.0 3.81E-18 1.000
214.0 3.22E-18 1.000
216.0 2.67E-18 1.000
218.0 2.20E-18 1.000
220.0 1.81E-18 1.000
222.0 1.51E-18 0.989
224.0 1.29E-18 0.963
226.0 1.13E-18 0.937
228.0 9.84E-19 0.912
230.0 8.82E-19 0.886
232.0 8.05E-19 0.861
234.0 7.40E-19 0.835
236.0 6.92E-19 0.809
238.0 6.46E-19 0.784
240.0 5.98E-19 0.758
242.0 5.31E-19 0.733
244.0 4.93E-19 0.707
246.0 4.56E-19 0.681
248.0 4.19E-19 0.656
250.0 3.86E-19 0.630
252.0 3.55E-19 0.604
254.0 3.26E-19 0.579
256.0 2.99E-19 0.553
258.0 2.75E-19 0.528
260.0 2.52E-19 0.502
262.0 2.31E-19 0.476
264.0 2.11E-19 0.451
266.0 1.94E-19 0.425
268.0 1.78E-19 0.399
270.0 1.62E-19 0.374
272.0 1.49E-19 0.348
274.0 1.37E-19 0.323
276.0 1.24E-19 0.297
278.0 1.14E-19 0.271
280.0 1.05E-19 0.246
282.0 9.59E-20 0.220
284.0 8.74E-20 0.195
286.0 7.94E-20 0.169
288.0 7.20E-20 0.143
290.0 6.52E-20 0.118
292.0 5.88E-20 0.092
294.0 5.29E-20 0.066
296.0 4.75E-20 0.041
298.0 4.26E-20 0.015
300.0 3.81E-20 0.000
302.0 3.40E-20 0.000
304.0 3.03E-20 0.000
306.0 2.70E-20 0.000
308.0 2.40E-20 0.000
310.0 2.13E-20 0.000
312.0 1.90E-20 0.000
314.0 1.68E-20 0.000
316.0 1.49E-20 0.000
318.0 1.33E-20 0.000
320.0 1.18E-20 0.000
322.0 1.05E-20 0.000
324.0 9.30E-21 0.000
326.0 8.26E-21 0.000
328.0 7.35E-21 0.000
330.0 6.54E-21 0.000
332.0 5.82E-21 0.000
334.0 5.18E-21 0.000
336.0 4.62E-21 0.000
338.0 4.12E-21 0.000
340.0 3.68E-21 0.000
342.0 3.28E-21 0.000
344.0 2.93E-21 0.000
346.0 2.62E-21 0.000
348.0 2.34E-21 0.000
350.0 2.10E-21 0.000
352.0 1.88E-21 0.000
354.0 1.67E-21 0.000
356.0 1.49E-21 0.000
358.0 1.33E-21 0.000
360.0 1.20E-21 0.000
362.0 1.07E-21 0.000
364.0 9.58E-22 0.000
366.0 8.52E-22 0.000
368.0 7.63E-22 0.000
370.0 6.85E-22 0.000
372.0 6.13E-22 0.000
374.0 5.45E-22 0.000
376.0 4.84E-22 0.000
378.0 4.31E-22 0.000
380.0 3.83E-22 0.000
382.0 3.41E-22 0.000
384.0 3.05E-22 0.000
386.0 2.73E-22 0.000
388.0 2.42E-22 0.000
390.0 2.15E-22 0.000
392.0 1.93E-22 0.000
394.0 1.72E-22 0.000
396.0 1.50E-22 0.000
398.0 1.34E-22 0.000
400.0 1.40E-22 0.000
410.0 9.00E-23 0.000
420.0 5.00E-23 0.000
