NO3NO_RADM88
! Nitrate Photolysis to NO (NO3NO)
! NO3 + hv -> NO + O2      
! abs CS: for wl<570 Graham and Johnston [1978];
!         for wl>570 average Graham and Johnston [1978] and Ravishankara and
!         Wine [1983]
! QY: Magnotta and Johnston[1980]; Graham and Johnston [1978];
!     scaled to yield unity
! format:  wl, abs_cs, qy
Beginning
! With FAC, units are (cm^2/molecule)
FAC=1.0
 402.500 2.7999999E-20 0.0000000E+00
 407.500 4.4500000E-20 0.0000000E+00
 412.500 5.3500000E-20 0.0000000E+00
 417.500 8.1999997E-20 0.0000000E+00
 422.500 1.0450000E-19 0.0000000E+00
 427.500 1.2930000E-19 0.0000000E+00
 432.500 1.8380000E-19 0.0000000E+00
 437.500 1.9370001E-19 0.0000000E+00
 442.500 2.2300001E-19 0.0000000E+00
 447.500 2.8350000E-19 0.0000000E+00
 452.500 3.3450000E-19 0.0000000E+00
 457.500 3.7200000E-19 0.0000000E+00
 462.500 4.3379998E-19 0.0000000E+00
 467.500 5.0979999E-19 0.0000000E+00
 472.500 6.0320001E-19 0.0000000E+00
 477.500 6.4400002E-19 0.0000000E+00
 482.500 6.8649999E-19 0.0000000E+00
 487.500 8.8000002E-19 0.0000000E+00
 492.500 9.6699999E-19 0.0000000E+00
 497.500 9.8999995E-19 0.0000000E+00
 502.500 1.0950000E-18 0.0000000E+00
 507.500 1.3200000E-18 0.0000000E+00
 512.500 1.4040000E-18 0.0000000E+00
 517.500 1.4470000E-18 0.0000000E+00
 522.500 1.4920000E-18 0.0000000E+00
 527.500 1.9310000E-18 0.0000000E+00
 532.500 2.0390000E-18 0.0000000E+00
 537.500 1.8319999E-18 0.0000000E+00
 542.500 1.8189999E-18 0.0000000E+00
 547.500 2.3530000E-18 0.0000000E+00
 552.500 2.6830000E-18 0.0000000E+00
 557.500 3.0650001E-18 0.0000000E+00
 562.500 2.5370000E-18 0.0000000E+00
 567.500 2.4940000E-18 0.0000000E+00
 572.500 2.6080000E-18 0.0000000E+00
 577.500 2.9080000E-18 0.0000000E+00
 582.500 2.6570001E-18 3.1818181E-02
 587.500 4.7400001E-18 1.9090909E-01
 592.500 3.7399999E-18 3.4999999E-01
 597.500 2.6870001E-18 3.1111112E-01
 602.500 3.0540000E-18 2.7222222E-01
 607.500 1.5070000E-18 2.3333332E-01
 612.500 1.8440000E-18 1.9444445E-01
 617.500 4.6079999E-18 1.5555555E-01
 622.500 8.1679999E-18 1.1666666E-01
 627.500 4.8900002E-18 7.7777773E-02
 632.500 1.4300000E-18 3.8888887E-02
 637.500 1.0830000E-18 0.0000000E+00
 642.500 6.7290000E-19 0.0000000E+00
 647.100 5.0070002E-19 0.0000000E+00
 655.000 7.3110003E-18 0.0000000E+00
 665.000 1.3420000E-18 0.0000000E+00
 675.000 3.3649999E-19 0.0000000E+00
 685.000 1.7499999E-20 0.0000000E+00
 695.000 0.0000000E+00 0.0000000E+00

