NO3NO2-6        
! NO3 + HV = NO2 + O                                                             
! From NASA (2006), for 298 K.                                                   
! Quantum yields for wavelengths above 640 nm estimated by linear extrapolation. 
!                                                                                
Points (the mechanism evaluated with this format)                                
! With FAC, units are (cm^2/molecule)                                            
FAC=1.0                                                                          
403.0 2.000E-20 1.0000
404.0 0.000E+00 1.0000
405.0 3.000E-20 1.0000
406.0 2.000E-20 1.0000
407.0 1.000E-20 1.0000
408.0 3.000E-20 1.0000
409.0 0.000E+00 1.0000
410.0 1.000E-20 1.0000
411.0 2.000E-20 1.0000
412.0 5.000E-20 1.0000
413.0 5.000E-20 1.0000
414.0 2.000E-20 1.0000
415.0 6.000E-20 1.0000
416.0 7.000E-20 1.0000
417.0 8.000E-20 1.0000
418.0 5.000E-20 1.0000
419.0 9.000E-20 1.0000
420.0 9.000E-20 1.0000
421.0 9.000E-20 1.0000
422.0 1.000E-19 1.0000
423.0 1.200E-19 1.0000
424.0 1.000E-19 1.0000
425.0 8.000E-20 1.0000
426.0 1.500E-19 1.0000
427.0 1.500E-19 1.0000
428.0 1.300E-19 1.0000
429.0 1.200E-19 1.0000
430.0 1.800E-19 1.0000
431.0 1.400E-19 1.0000
432.0 1.600E-19 1.0000
433.0 1.900E-19 1.0000
434.0 2.000E-19 1.0000
435.0 1.700E-19 1.0000
436.0 1.600E-19 1.0000
437.0 2.000E-19 1.0000
438.0 2.300E-19 1.0000
439.0 2.200E-19 1.0000
440.0 2.100E-19 1.0000
441.0 2.000E-19 1.0000
442.0 2.300E-19 1.0000
443.0 1.900E-19 1.0000
444.0 2.100E-19 1.0000
445.0 2.200E-19 1.0000
446.0 2.600E-19 1.0000
447.0 3.100E-19 1.0000
448.0 2.600E-19 1.0000
449.0 3.000E-19 1.0000
450.0 3.100E-19 1.0000
451.0 3.300E-19 1.0000
452.0 3.600E-19 1.0000
453.0 3.400E-19 1.0000
454.0 3.800E-19 1.0000
455.0 3.800E-19 1.0000
456.0 3.800E-19 1.0000
457.0 4.200E-19 1.0000
458.0 3.900E-19 1.0000
459.0 4.500E-19 1.0000
460.0 4.200E-19 1.0000
461.0 4.100E-19 1.0000
462.0 4.200E-19 1.0000
463.0 4.300E-19 1.0000
464.0 5.100E-19 1.0000
465.0 5.400E-19 1.0000
466.0 5.800E-19 1.0000
467.0 6.100E-19 1.0000
468.0 6.000E-19 1.0000
469.0 6.200E-19 1.0000
470.0 6.300E-19 1.0000
471.0 6.600E-19 1.0000
472.0 6.900E-19 1.0000
473.0 6.600E-19 1.0000
474.0 6.600E-19 1.0000
475.0 7.300E-19 1.0000
476.0 8.400E-19 1.0000
477.0 8.300E-19 1.0000
478.0 7.800E-19 1.0000
479.0 7.800E-19 1.0000
480.0 7.500E-19 1.0000
481.0 7.600E-19 1.0000
482.0 7.600E-19 1.0000
483.0 7.700E-19 1.0000
484.0 8.300E-19 1.0000
485.0 8.800E-19 1.0000
486.0 9.800E-19 1.0000
487.0 9.900E-19 1.0000
488.0 1.020E-18 1.0000
489.0 1.030E-18 1.0000
490.0 1.110E-18 1.0000
491.0 1.060E-18 1.0000
492.0 1.070E-18 1.0000
493.0 1.090E-18 1.0000
494.0 1.090E-18 1.0000
495.0 1.130E-18 1.0000
496.0 1.290E-18 1.0000
497.0 1.300E-18 1.0000
498.0 1.280E-18 1.0000
499.0 1.250E-18 1.0000
500.0 1.210E-18 1.0000
501.0 1.180E-18 1.0000
502.0 1.180E-18 1.0000
503.0 1.190E-18 1.0000
504.0 1.350E-18 1.0000
505.0 1.370E-18 1.0000
506.0 1.430E-18 1.0000
507.0 1.370E-18 1.0000
508.0 1.360E-18 1.0000
509.0 1.450E-18 1.0000
510.0 1.620E-18 1.0000
511.0 1.860E-18 1.0000
512.0 1.890E-18 1.0000
513.0 1.720E-18 1.0000
514.0 1.690E-18 1.0000
515.0 1.700E-18 1.0000
516.0 1.670E-18 1.0000
517.0 1.600E-18 1.0000
518.0 1.540E-18 1.0000
519.0 1.650E-18 1.0000
520.0 1.800E-18 1.0000
521.0 1.960E-18 1.0000
522.0 2.060E-18 1.0000
523.0 1.890E-18 1.0000
524.0 1.760E-18 1.0000
525.0 1.690E-18 1.0000
526.0 1.750E-18 1.0000
527.0 1.930E-18 1.0000
528.0 2.250E-18 1.0000
529.0 2.570E-18 1.0000
530.0 2.390E-18 1.0000
531.0 2.240E-18 1.0000
532.0 2.160E-18 1.0000
533.0 2.090E-18 1.0000
534.0 2.180E-18 1.0000
535.0 2.470E-18 1.0000
536.0 2.750E-18 1.0000
537.0 2.760E-18 1.0000
538.0 2.510E-18 1.0000
539.0 2.190E-18 1.0000
540.0 2.250E-18 1.0000
541.0 2.190E-18 1.0000
542.0 2.010E-18 1.0000
543.0 1.800E-18 1.0000
544.0 1.830E-18 1.0000
545.0 2.100E-18 1.0000
546.0 2.600E-18 1.0000
547.0 3.120E-18 1.0000
548.0 3.200E-18 1.0000
549.0 2.900E-18 1.0000
550.0 2.650E-18 1.0000
551.0 2.610E-18 1.0000
552.0 2.640E-18 1.0000
553.0 2.710E-18 1.0000
554.0 2.980E-18 1.0000
555.0 3.340E-18 1.0000
556.0 3.490E-18 1.0000
557.0 3.520E-18 1.0000
558.0 3.760E-18 1.0000
559.0 3.990E-18 1.0000
560.0 3.550E-18 1.0000
561.0 3.200E-18 1.0000
562.0 3.110E-18 1.0000
563.0 3.000E-18 1.0000
564.0 2.910E-18 1.0000
565.0 2.920E-18 1.0000
566.0 3.050E-18 1.0000
567.0 3.010E-18 1.0000
568.0 3.050E-18 1.0000
569.0 3.100E-18 1.0000
570.0 2.990E-18 1.0000
571.0 2.960E-18 1.0000
572.0 2.940E-18 1.0000
573.0 2.980E-18 1.0000
574.0 3.060E-18 1.0000
575.0 3.300E-18 1.0000
576.0 3.500E-18 1.0000
577.0 3.620E-18 1.0000
578.0 3.540E-18 1.0000
579.0 3.470E-18 1.0000
580.0 3.580E-18 1.0000
581.0 3.800E-18 1.0000
582.0 3.510E-18 1.0000
583.0 3.140E-18 1.0000
584.0 3.020E-18 1.0000
585.0 3.100E-18 0.9830
586.0 3.550E-18 0.9670
587.0 4.460E-18 0.9430
588.0 5.400E-18 0.8850
589.0 6.560E-18 0.8540
590.0 6.380E-18 0.7930
591.0 5.830E-18 0.7630
592.0 5.480E-18 0.7340
593.0 4.900E-18 0.6800
594.0 4.490E-18 0.6540
595.0 4.600E-18 0.6080
596.0 4.950E-18 0.5870
597.0 4.670E-18 0.5670
598.0 3.930E-18 0.5310
599.0 3.330E-18 0.5090
600.0 2.960E-18 0.4720
601.0 3.070E-18 0.4380
602.0 3.550E-18 0.4150
603.0 4.080E-18 0.3710
604.0 4.680E-18 0.3510
605.0 4.670E-18 0.3230
606.0 3.550E-18 0.2960
607.0 2.580E-18 0.2800
608.0 1.980E-18 0.2590
609.0 1.840E-18 0.2380
610.0 1.890E-18 0.2260
611.0 2.040E-18 0.2100
612.0 2.390E-18 0.1930
613.0 2.820E-18 0.1810
614.0 2.730E-18 0.1660
615.0 2.420E-18 0.1470
616.0 2.240E-18 0.1370
617.0 2.260E-18 0.1240
618.0 2.560E-18 0.1080
619.0 2.740E-18 0.0990
620.0 3.500E-18 0.0900
621.0 5.620E-18 0.0770
622.0 1.090E-17 0.0700
623.0 1.578E-17 0.0640
624.0 1.291E-17 0.0550
625.0 8.980E-18 0.0490
626.0 7.830E-18 0.0440
627.0 8.060E-18 0.0390
628.0 7.890E-18 0.0340
629.0 7.480E-18 0.0290
630.0 7.240E-18 0.0260
631.0 5.180E-18 0.0240
632.0 3.500E-18 0.0200
633.0 2.330E-18 0.0180
634.0 1.760E-18 0.0160
635.0 1.540E-18 0.0150
636.0 1.810E-18 0.0120
637.0 2.220E-18 0.0110
638.0 2.170E-18 0.0100
639.0 1.690E-18 0.0090
640.0 1.320E-18 0.0070
641.0 1.080E-18 0.0060
642.0 9.900E-19 0.0040
643.0 1.040E-18 0.0030
644.0 1.020E-18 0.0020
645.0 9.200E-19 0.0000
