O3O1D_CBIV88
! Ozone Photolysis to O1D (O3O1D)
! O3 + hv -> O2 + O(1D) 
! Taken from Gery et al. (1988); Absorption CS calculated by Bass (1985);
! QY from Atkinson and Lloyd (1984).
! format:  wl, abs_cs, qy
Centered
! With FAC, units are (cm^2/molecule)
FAC=1.0E-20
 280  397.00  0.900
 281  360.00  0.900
 282  324.00  0.900
 283  301.00  0.900
 284  273.00  0.900
 285  244.00  0.900
 286  221.00  0.900
 287  201.00  0.900
 288  176.00  0.900
 289  158.00  0.900
 290  141.00  0.900
 291  126.00  0.900
 292  110.00  0.900
 293   98.90  0.900
 294   86.20  0.900
 295   76.70  0.900
 296   66.40  0.900
 297   58.80  0.900
 298   51.00  0.900
 299   45.20  0.900
 300   39.20  0.900
 301   34.40  0.900
 302   30.30  0.900
 303   26.30  0.900
 304   23.50  0.900
 305   20.20  0.884
 306   18.00  0.848
 307   15.60  0.800
 308   13.60  0.740
 309   12.30  0.660
 310   10.30  0.560
 311    9.27  0.450
 312    8.00  0.340
 313    6.92  0.250
 314    6.29  0.180
 315    5.22  0.120
 316    4.78  0.080
 317    4.04  0.050
 318    3.72  0.020
 319    2.91  0.000 
