LOWTRAN (1FEB92) REV 4.2 spectra (photons/s/bin), (f10.3,e10.3) (wave-nm(i), flux(i), i=1,FNMAX)
    4463.0
   177.462 1.274E+10
   177.494 1.146E+10
   177.525 1.044E+10
   177.557 9.922E+09
   177.588 9.915E+09
   177.620 1.026E+10
   177.651 1.072E+10
   177.683 1.112E+10
   177.715 1.134E+10
   177.746 1.143E+10
   177.778 1.157E+10
   177.809 1.185E+10
   177.841 1.236E+10
   177.873 1.315E+10
   177.904 1.395E+10
   177.936 1.439E+10
   177.968 1.441E+10
   177.999 1.437E+10
   178.031 1.460E+10
   178.063 1.494E+10
   178.094 1.504E+10
   178.126 1.472E+10
   178.158 1.403E+10
   178.190 1.324E+10
   178.221 1.273E+10
   178.253 1.271E+10
   178.285 1.309E+10
   178.317 1.360E+10
   178.348 1.402E+10
   178.380 1.423E+10
   178.412 1.428E+10
   178.444 1.427E+10
   178.476 1.421E+10
   178.508 1.416E+10
   178.540 1.428E+10
   178.571 1.466E+10
   178.603 1.491E+10
   178.635 1.488E+10
   178.667 1.463E+10
   178.699 1.440E+10
   178.731 1.434E+10
   178.763 1.438E+10
   178.795 1.445E+10
   178.827 1.454E+10
   178.859 1.479E+10
   178.891 1.527E+10
   178.923 1.590E+10
   178.955 1.626E+10
   178.987 1.624E+10
   179.019 1.614E+10
   179.051 1.627E+10
   179.083 1.651E+10
   179.115 1.663E+10
   179.147 1.654E+10
   179.179 1.618E+10
   179.211 1.541E+10
   179.244 1.442E+10
   179.276 1.362E+10
   179.308 1.308E+10
   179.340 1.265E+10
   179.372 1.235E+10
   179.404 1.231E+10
   179.437 1.248E+10
   179.469 1.279E+10
   179.501 1.318E+10
   179.533 1.366E+10
   179.565 1.410E+10
   179.598 1.430E+10
   179.630 1.416E+10
   179.662 1.396E+10
   179.695 1.397E+10
   179.727 1.421E+10
   179.759 1.451E+10
   179.791 1.474E+10
   179.824 1.487E+10
   179.856 1.496E+10
   179.888 1.502E+10
   179.921 1.511E+10
   179.953 1.520E+10
   179.986 1.532E+10
   180.018 1.550E+10
   180.050 1.575E+10
   180.083 1.607E+10
   180.115 1.639E+10
   180.148 1.662E+10
   180.180 1.524E+10
   180.213 1.533E+10
   180.245 1.534E+10
   180.278 1.523E+10
   180.310 1.518E+10
   180.343 1.524E+10
   180.375 1.522E+10
   180.408 1.511E+10
   180.440 1.515E+10
   180.473 1.543E+10
   180.505 1.584E+10
   180.538 1.619E+10
   180.571 1.635E+10
   180.603 1.628E+10
   180.636 1.591E+10
   180.668 1.521E+10
   180.701 1.461E+10
   180.734 1.526E+10
   180.766 1.802E+10
   180.799 2.202E+10
   180.832 2.507E+10
   180.865 2.578E+10
   180.897 2.425E+10
   180.930 2.137E+10
   180.963 1.828E+10
   180.995 1.611E+10
   181.028 1.548E+10
   181.061 1.594E+10
   181.094 1.652E+10
   181.127 1.662E+10
   181.159 1.633E+10
   181.192 1.597E+10
   181.225 1.573E+10
   181.258 1.570E+10
   181.291 1.579E+10
   181.324 1.573E+10
   181.357 1.540E+10
   181.389 1.489E+10
   181.422 1.435E+10
   181.455 1.406E+10
   181.488 1.430E+10
   181.521 1.482E+10
   181.554 1.505E+10
   181.587 1.533E+10
   181.620 1.733E+10
   181.653 2.233E+10
   181.686 2.966E+10
   181.719 3.705E+10
   181.752 4.177E+10
   181.785 4.155E+10
   181.818 3.471E+10
   181.851 2.716E+10
   181.884 2.165E+10
   181.917 1.899E+10
   181.951 1.804E+10
   181.984 1.775E+10
   182.017 1.722E+10
   182.050 1.629E+10
   182.083 1.566E+10
   182.116 1.584E+10
   182.149 1.669E+10
   182.183 1.762E+10
   182.216 1.811E+10
   182.249 1.822E+10
   182.282 1.845E+10
   182.315 1.915E+10
   182.349 2.013E+10
   182.382 2.105E+10
   182.415 2.177E+10
   182.448 2.214E+10
   182.482 2.196E+10
   182.515 2.135E+10
   182.548 2.060E+10
   182.582 1.975E+10
   182.615 1.890E+10
   182.648 1.823E+10
   182.682 1.793E+10
   182.715 1.791E+10
   182.749 1.784E+10
   182.782 1.753E+10
   182.815 1.715E+10
   182.849 1.703E+10
   182.882 1.730E+10
   182.916 1.785E+10
   182.949 1.839E+10
   182.983 1.865E+10
   183.016 1.849E+10
   183.050 1.809E+10
   183.083 1.780E+10
   183.117 1.779E+10
   183.150 1.809E+10
   183.184 1.861E+10
   183.217 1.918E+10
   183.251 1.968E+10
   183.284 1.999E+10
   183.318 1.994E+10
   183.352 1.969E+10
   183.385 1.964E+10
   183.419 2.004E+10
   183.453 2.080E+10
   183.486 2.066E+10
   183.520 2.114E+10
   183.554 2.118E+10
   183.587 2.081E+10
   183.621 2.004E+10
   183.655 1.914E+10
   183.688 1.860E+10
   183.722 1.874E+10
   183.756 1.930E+10
   183.790 1.975E+10
   183.824 1.990E+10
   183.857 1.998E+10
   183.891 2.045E+10
   183.925 2.133E+10
   183.959 2.191E+10
   183.993 2.138E+10
   184.027 1.991E+10
   184.060 1.842E+10
   184.094 1.716E+10
   184.128 1.572E+10
   184.162 1.449E+10
   184.196 1.427E+10
   184.230 1.513E+10
   184.264 1.639E+10
   184.298 1.746E+10
   184.332 1.803E+10
   184.366 1.806E+10
   184.400 1.782E+10
   184.434 1.771E+10
   184.468 1.785E+10
   184.502 1.777E+10
   184.536 1.706E+10
   184.570 1.608E+10
   184.604 1.545E+10
   184.638 1.533E+10
   184.672 1.540E+10
   184.706 1.512E+10
   184.740 1.417E+10
   184.775 1.287E+10
   184.809 1.196E+10
   184.843 1.201E+10
   184.877 1.291E+10
   184.911 1.439E+10
   184.945 1.632E+10
   184.980 1.817E+10
   185.014 1.886E+10
   185.048 1.759E+10
   185.082 1.517E+10
   185.117 1.352E+10
   185.151 1.336E+10
   185.185 1.291E+10
   185.219 1.333E+10
   185.254 1.358E+10
   185.288 1.399E+10
   185.322 1.494E+10
   185.357 1.621E+10
   185.391 1.773E+10
   185.426 1.973E+10
   185.460 2.169E+10
   185.494 2.281E+10
   185.529 2.309E+10
   185.563 2.284E+10
   185.598 2.257E+10
   185.632 2.261E+10
   185.667 2.248E+10
   185.701 2.162E+10
   185.736 2.032E+10
   185.770 1.930E+10
   185.805 1.890E+10
   185.839 1.888E+10
   185.874 1.893E+10
   185.908 1.880E+10
   185.943 1.849E+10
   185.977 1.826E+10
   186.012 1.846E+10
   186.047 1.892E+10
   186.081 1.923E+10
   186.116 1.928E+10
   186.150 1.938E+10
   186.185 1.968E+10
   186.220 2.007E+10
   186.254 2.057E+10
   186.289 2.128E+10
   186.324 2.183E+10
   186.359 2.177E+10
   186.393 2.125E+10
   186.428 2.076E+10
   186.463 2.029E+10
   186.498 1.978E+10
   186.532 1.948E+10
   186.567 1.928E+10
   186.602 1.936E+10
   186.637 2.029E+10
   186.672 2.193E+10
   186.707 2.345E+10
   186.741 2.457E+10
   186.776 2.569E+10
   186.811 2.667E+10
   186.846 2.702E+10
   186.881 2.692E+10
   186.916 2.685E+10
   186.951 2.766E+10
   186.986 2.764E+10
   187.021 2.769E+10
   187.056 2.772E+10
   187.091 2.785E+10
   187.126 2.851E+10
   187.161 2.922E+10
   187.196 2.923E+10
   187.231 2.855E+10
   187.266 2.757E+10
   187.301 2.665E+10
   187.336 2.622E+10
   187.371 2.652E+10
   187.406 2.724E+10
   187.441 2.780E+10
   187.477 2.776E+10
   187.512 2.722E+10
   187.547 2.677E+10
   187.582 2.677E+10
   187.617 2.691E+10
   187.652 2.685E+10
   187.688 2.671E+10
   187.723 2.664E+10
   187.758 2.663E+10
   187.793 2.663E+10
   187.829 2.647E+10
   187.864 2.612E+10
   187.899 2.574E+10
   187.935 2.539E+10
   187.970 2.508E+10
   188.005 2.495E+10
   188.041 2.494E+10
   188.076 2.486E+10
   188.111 2.469E+10
   188.147 2.455E+10
   188.182 2.449E+10
   188.218 2.487E+10
   188.253 2.628E+10
   188.288 2.842E+10
   188.324 2.997E+10
   188.359 3.031E+10
   188.395 3.026E+10
   188.430 3.038E+10
   188.466 3.011E+10
   188.501 2.940E+10
   188.537 2.915E+10
   188.573 2.941E+10
   188.608 2.958E+10
   188.644 2.952E+10
   188.679 2.920E+10
   188.715 2.956E+10
   188.750 2.969E+10
   188.786 2.932E+10
   188.822 2.877E+10
   188.857 2.865E+10
   188.893 2.928E+10
   188.929 3.042E+10
   188.964 3.125E+10
   189.000 3.137E+10
   189.036 3.110E+10
   189.072 3.099E+10
   189.107 3.149E+10
   189.143 3.272E+10
   189.179 3.436E+10
   189.215 3.595E+10
   189.251 3.688E+10
   189.286 3.596E+10
   189.322 3.295E+10
   189.358 3.059E+10
   189.394 3.080E+10
   189.430 3.205E+10
   189.466 3.324E+10
   189.502 3.394E+10
   189.538 3.352E+10
   189.573 3.268E+10
   189.609 3.232E+10
   189.645 3.240E+10
   189.681 3.252E+10
   189.717 3.212E+10
   189.753 3.086E+10
   189.789 2.916E+10
   189.825 2.772E+10
   189.861 2.677E+10
   189.897 2.636E+10
   189.934 2.677E+10
   189.970 2.807E+10
   190.006 2.967E+10
   190.042 3.078E+10
   190.078 3.085E+10
   190.114 2.990E+10
   190.150 2.871E+10
   190.186 2.849E+10
   190.223 2.948E+10
   190.259 3.076E+10
   190.295 3.167E+10
   190.331 3.262E+10
   190.367 3.391E+10
   190.404 3.489E+10
   190.440 3.490E+10
   190.476 3.257E+10
   190.512 3.209E+10
   190.549 3.172E+10
   190.585 3.106E+10
   190.621 3.068E+10
   190.658 3.106E+10
   190.694 3.184E+10
   190.731 3.252E+10
   190.767 3.292E+10
   190.803 3.351E+10
   190.840 3.472E+10
   190.876 3.623E+10
   190.913 3.735E+10
   190.949 3.763E+10
   190.985 3.634E+10
   191.022 3.350E+10
   191.058 3.118E+10
   191.095 3.080E+10
   191.132 3.118E+10
   191.168 3.168E+10
   191.205 3.264E+10
   191.241 3.354E+10
   191.278 3.371E+10
   191.314 3.349E+10
   191.351 3.357E+10
   191.388 3.397E+10
   191.424 3.446E+10
   191.461 3.522E+10
   191.498 3.642E+10
   191.534 3.801E+10
   191.571 3.956E+10
   191.608 3.988E+10
   191.644 3.883E+10
   191.681 3.792E+10
   191.718 3.747E+10
   191.755 3.668E+10
   191.791 3.560E+10
   191.828 3.478E+10
   191.865 3.442E+10
   191.902 3.459E+10
   191.939 3.527E+10
   191.975 3.627E+10
   192.012 3.738E+10
   192.049 3.854E+10
   192.086 3.978E+10
   192.123 4.113E+10
   192.160 4.206E+10
   192.197 4.182E+10
   192.234 4.039E+10
   192.271 3.895E+10
   192.308 3.868E+10
   192.345 4.286E+10
   192.382 4.294E+10
   192.419 4.208E+10
   192.456 4.113E+10
   192.493 4.057E+10
   192.530 4.031E+10
   192.567 4.074E+10
   192.604 4.167E+10
   192.641 4.188E+10
   192.678 4.114E+10
   192.715 4.048E+10
   192.753 4.056E+10
   192.790 4.111E+10
   192.827 4.187E+10
   192.864 4.247E+10
   192.901 4.233E+10
   192.938 4.130E+10
   192.976 3.958E+10
   193.013 3.722E+10
   193.050 3.433E+10
   193.087 3.122E+10
   193.125 2.847E+10
   193.162 2.699E+10
   193.199 2.658E+10
   193.237 2.630E+10
   193.274 2.667E+10
   193.311 2.826E+10
   193.349 2.982E+10
   193.386 3.021E+10
   193.424 3.025E+10
   193.461 3.048E+10
   193.498 2.992E+10
   193.536 2.816E+10
   193.573 2.666E+10
   193.611 2.607E+10
   193.648 2.546E+10
   193.686 2.515E+10
   193.723 2.699E+10
   193.761 3.061E+10
   193.798 3.407E+10
   193.836 3.702E+10
   193.874 4.014E+10
   193.911 4.303E+10
   193.949 4.496E+10
   193.986 4.590E+10
   194.024 4.630E+10
   194.062 4.666E+10
   194.099 4.762E+10
   194.137 5.004E+10
   194.175 5.368E+10
   194.212 5.295E+10
   194.250 5.400E+10
   194.288 5.448E+10
   194.326 5.489E+10
   194.363 5.425E+10
   194.401 5.254E+10
   194.439 5.080E+10
   194.477 4.976E+10
   194.515 4.972E+10
   194.553 4.982E+10
   194.590 4.892E+10
   194.628 4.760E+10
   194.666 4.685E+10
   194.704 4.720E+10
   194.742 4.941E+10
   194.780 5.322E+10
   194.818 5.630E+10
   194.856 5.723E+10
   194.894 5.703E+10
   194.932 5.642E+10
   194.970 5.466E+10
   195.008 5.191E+10
   195.046 4.988E+10
   195.084 4.921E+10
   195.122 4.855E+10
   195.160 4.716E+10
   195.198 4.531E+10
   195.236 4.368E+10
   195.274 4.341E+10
   195.313 4.487E+10
   195.351 4.781E+10
   195.389 5.144E+10
   195.427 5.358E+10
   195.465 5.323E+10
   195.503 5.143E+10
   195.542 4.963E+10
   195.580 4.889E+10
   195.618 4.954E+10
   195.656 5.122E+10
   195.695 5.286E+10
   195.733 5.296E+10
   195.771 5.130E+10
   195.810 5.005E+10
   195.848 5.094E+10
   195.886 5.318E+10
   195.925 5.509E+10
   195.963 5.589E+10
   196.002 5.547E+10
   196.040 5.418E+10
   196.078 5.247E+10
   196.117 5.026E+10
   196.155 4.842E+10
   196.194 4.803E+10
   196.232 4.862E+10
   196.271 4.928E+10
   196.309 4.975E+10
   196.348 5.010E+10
   196.386 5.086E+10
   196.425 5.295E+10
   196.464 5.622E+10
   196.502 5.920E+10
   196.541 6.096E+10
   196.580 6.200E+10
   196.618 6.273E+10
   196.657 6.322E+10
   196.696 6.363E+10
   196.734 6.392E+10
   196.773 6.409E+10
   196.812 6.432E+10
   196.850 6.481E+10
   196.889 6.537E+10
   196.928 6.547E+10
   196.967 6.492E+10
   197.006 6.359E+10
   197.044 6.131E+10
   197.083 5.926E+10
   197.122 5.896E+10
   197.161 5.946E+10
   197.200 5.918E+10
   197.239 5.881E+10
   197.278 5.918E+10
   197.316 5.970E+10
   197.355 5.931E+10
   197.394 5.810E+10
   197.433 5.719E+10
   197.472 5.700E+10
   197.511 5.722E+10
   197.550 5.774E+10
   197.589 5.828E+10
   197.628 5.833E+10
   197.668 5.757E+10
   197.707 5.630E+10
   197.746 5.597E+10
   197.785 5.744E+10
   197.824 5.898E+10
   197.863 5.877E+10
   197.902 5.766E+10
   197.941 5.718E+10
   197.981 5.716E+10
   198.020 5.707E+10
   198.059 6.025E+10
   198.098 6.193E+10
   198.138 6.446E+10
   198.177 6.693E+10
   198.216 6.800E+10
   198.255 6.604E+10
   198.295 6.237E+10
   198.334 6.061E+10
   198.373 6.087E+10
   198.413 6.144E+10
   198.452 6.239E+10
   198.491 6.367E+10
   198.531 6.351E+10
   198.570 6.071E+10
   198.610 5.717E+10
   198.649 5.510E+10
   198.689 5.445E+10
   198.728 5.511E+10
   198.768 5.672E+10
   198.807 5.734E+10
   198.847 5.620E+10
   198.886 5.490E+10
   198.926 5.483E+10
   198.965 5.614E+10
   199.005 5.825E+10
   199.045 5.990E+10
   199.084 6.017E+10
   199.124 5.954E+10
   199.164 5.975E+10
   199.203 6.240E+10
   199.243 6.650E+10
   199.283 6.952E+10
   199.322 7.140E+10
   199.362 7.358E+10
   199.402 7.541E+10
   199.442 7.507E+10
   199.481 7.258E+10
   199.521 7.021E+10
   199.561 6.948E+10
   199.601 6.967E+10
   199.641 6.985E+10
   199.681 7.003E+10
   199.720 6.961E+10
   199.760 6.790E+10
   199.800 6.599E+10
   199.840 6.584E+10
   199.880 6.784E+10
   199.920 6.988E+10
   199.960 6.992E+10
   200.000 6.886E+10
   200.040 6.806E+10
   200.080 6.851E+10
   200.120 6.832E+10
   200.160 6.805E+10
   200.200 6.904E+10
   200.240 7.106E+10
   200.280 7.305E+10
   200.321 7.459E+10
   200.361 7.500E+10
   200.401 7.437E+10
   200.441 7.359E+10
   200.481 7.232E+10
   200.521 7.120E+10
   200.562 7.186E+10
   200.602 7.453E+10
   200.642 7.763E+10
   200.682 7.916E+10
   200.723 7.862E+10
   200.763 7.674E+10
   200.803 7.484E+10
   200.844 7.395E+10
   200.884 7.365E+10
   200.924 7.376E+10
   200.965 7.441E+10
   201.005 7.535E+10
   201.045 7.699E+10
   201.086 7.860E+10
   201.126 7.724E+10
   201.167 7.317E+10
   201.207 7.071E+10
   201.248 7.179E+10
   201.288 7.464E+10
   201.329 7.791E+10
   201.369 8.142E+10
   201.410 8.358E+10
   201.450 8.304E+10
   201.491 8.100E+10
   201.532 7.924E+10
   201.572 7.818E+10
   201.613 7.758E+10
   201.654 7.733E+10
   201.694 7.773E+10
   201.735 7.903E+10
   201.776 8.098E+10
   201.816 8.334E+10
   201.857 8.625E+10
   201.898 8.927E+10
   201.939 9.059E+10
   201.979 8.927E+10
   202.020 8.512E+10
   202.061 8.381E+10
   202.102 8.328E+10
   202.143 8.214E+10
   202.184 7.963E+10
   202.224 7.668E+10
   202.265 7.497E+10
   202.306 7.476E+10
   202.347 7.552E+10
   202.388 7.783E+10
   202.429 8.193E+10
   202.470 8.502E+10
   202.511 8.404E+10
   202.552 8.057E+10
   202.593 7.605E+10
   202.634 6.851E+10
   202.675 6.043E+10
   202.716 5.779E+10
   202.758 6.304E+10
   202.799 7.307E+10
   202.840 8.166E+10
   202.881 8.604E+10
   202.922 8.796E+10
   202.963 8.885E+10
   203.004 8.836E+10
   203.046 8.685E+10
   203.087 8.677E+10
   203.128 8.958E+10
   203.169 9.364E+10
   203.211 9.686E+10
   203.252 9.862E+10
   203.293 9.844E+10
   203.335 9.590E+10
   203.376 9.109E+10
   203.417 8.516E+10
   203.459 7.993E+10
   203.500 7.708E+10
   203.542 7.755E+10
   203.583 8.082E+10
   203.625 8.538E+10
   203.666 9.087E+10
   203.707 9.640E+10
   203.749 9.950E+10
   203.791 1.000E+11
   203.832 9.985E+10
   203.874 9.906E+10
   203.915 9.713E+10
   203.957 9.343E+10
   203.998 8.826E+10
   204.040 8.420E+10
   204.082 8.393E+10
   204.123 8.580E+10
   204.165 9.218E+10
   204.207 9.758E+10
   204.248 1.018E+11
   204.290 1.063E+11
   204.332 1.092E+11
   204.374 1.081E+11
   204.415 1.044E+11
   204.457 9.988E+10
   204.499 9.660E+10
   204.541 9.580E+10
   204.583 9.829E+10
   204.625 1.033E+11
   204.666 1.087E+11
   204.708 1.111E+11
   204.750 1.090E+11
   204.792 1.048E+11
   204.834 1.006E+11
   204.876 9.835E+10
   204.918 9.930E+10
   204.960 1.019E+11
   205.002 1.030E+11
   205.044 1.028E+11
   205.086 1.035E+11
   205.128 1.045E+11
   205.170 1.054E+11
   205.212 1.062E+11
   205.255 1.074E+11
   205.297 1.084E+11
   205.339 1.101E+11
   205.381 1.121E+11
   205.423 1.127E+11
   205.465 1.118E+11
   205.508 1.099E+11
   205.550 1.058E+11
   205.592 1.001E+11
   205.634 9.617E+10
   205.677 9.691E+10
   205.719 1.021E+11
   205.761 1.076E+11
   205.804 1.097E+11
   205.846 1.071E+11
   205.888 1.019E+11
   205.931 9.901E+10
   205.973 1.023E+11
   206.016 1.087E+11
   206.058 1.129E+11
   206.101 1.148E+11
   206.143 1.141E+11
   206.186 1.085E+11
   206.228 1.046E+11
   206.271 9.967E+10
   206.313 9.950E+10
   206.356 1.023E+11
   206.398 1.071E+11
   206.441 1.120E+11
   206.484 1.154E+11
   206.526 1.178E+11
   206.569 1.187E+11
   206.612 1.170E+11
   206.654 1.144E+11
   206.697 1.134E+11
   206.740 1.156E+11
   206.782 1.201E+11
   206.825 1.234E+11
   206.868 1.231E+11
   206.911 1.208E+11
   206.954 1.193E+11
   206.996 1.187E+11
   207.039 1.186E+11
   207.082 1.197E+11
   207.125 1.223E+11
   207.168 1.256E+11
   207.211 1.272E+11
   207.254 1.265E+11
   207.297 1.261E+11
   207.340 1.276E+11
   207.383 1.298E+11
   207.426 1.325E+11
   207.469 1.350E+11
   207.512 1.362E+11
   207.555 1.372E+11
   207.598 1.392E+11
   207.641 1.419E+11
   207.684 1.446E+11
   207.727 1.470E+11
   207.771 1.485E+11
   207.814 1.479E+11
   207.857 1.441E+11
   207.900 1.393E+11
   207.943 1.375E+11
   207.987 1.400E+11
   208.030 1.447E+11
   208.073 1.469E+11
   208.117 1.447E+11
   208.160 1.408E+11
   208.203 1.377E+11
   208.247 1.356E+11
   208.290 1.340E+11
   208.333 1.269E+11
   208.377 1.303E+11
   208.420 1.328E+11
   208.464 1.318E+11
   208.507 1.291E+11
   208.551 1.295E+11
   208.594 1.379E+11
   208.638 1.522E+11
   208.681 1.636E+11
   208.725 1.672E+11
   208.768 1.655E+11
   208.812 1.662E+11
   208.855 1.741E+11
   208.899 1.854E+11
   208.943 1.887E+11
   208.986 1.798E+11
   209.030 1.669E+11
   209.074 1.593E+11
   209.118 1.600E+11
   209.161 1.683E+11
   209.205 1.789E+11
   209.249 1.851E+11
   209.293 1.918E+11
   209.336 2.130E+11
   209.380 2.387E+11
   209.424 2.401E+11
   209.468 2.150E+11
   209.512 1.918E+11
   209.556 1.893E+11
   209.600 2.015E+11
   209.644 2.158E+11
   209.688 2.279E+11
   209.732 2.393E+11
   209.776 2.520E+11
   209.820 2.661E+11
   209.864 2.745E+11
   209.908 2.688E+11
   209.952 2.488E+11
   209.996 2.229E+11
   210.040 2.045E+11
   210.084 2.066E+11
   210.128 2.303E+11
   210.172 2.708E+11
   210.217 3.177E+11
   210.261 3.493E+11
   210.305 3.460E+11
   210.349 3.063E+11
   210.393 2.470E+11
   210.438 2.047E+11
   210.482 2.111E+11
   210.526 2.412E+11
   210.571 3.054E+11
   210.615 3.551E+11
   210.659 3.681E+11
   210.704 3.523E+11
   210.748 3.374E+11
   210.793 3.321E+11
   210.837 3.213E+11
   210.881 2.884E+11
   210.926 2.380E+11
   210.970 1.973E+11
   211.015 1.809E+11
   211.060 1.817E+11
   211.104 1.989E+11
   211.149 2.450E+11
   211.193 3.146E+11
   211.238 3.743E+11
   211.282 3.944E+11
   211.327 3.713E+11
   211.372 3.301E+11
   211.416 2.982E+11
   211.461 2.748E+11
   211.506 2.502E+11
   211.551 2.336E+11
   211.595 2.463E+11
   211.640 3.009E+11
   211.685 3.758E+11
   211.730 4.346E+11
   211.775 4.584E+11
   211.820 4.400E+11
   211.864 3.950E+11
   211.909 3.652E+11
   211.954 3.754E+11
   211.999 4.214E+11
   212.044 4.791E+11
   212.089 5.058E+11
   212.134 4.773E+11
   212.179 4.208E+11
   212.224 3.714E+11
   212.269 3.319E+11
   212.314 2.910E+11
   212.359 2.411E+11
   212.404 1.891E+11
   212.450 1.501E+11
   212.495 1.274E+11
   212.540 1.280E+11
   212.585 1.646E+11
   212.630 2.254E+11
   212.675 2.857E+11
   212.721 3.324E+11
   212.766 3.575E+11
   212.811 3.702E+11
   212.857 3.723E+11
   212.902 3.761E+11
   212.947 3.708E+11
   212.993 3.435E+11
   213.038 2.991E+11
   213.083 2.635E+11
   213.129 2.576E+11
   213.174 2.764E+11
   213.220 2.948E+11
   213.265 2.984E+11
   213.311 2.941E+11
   213.356 2.960E+11
   213.402 3.060E+11
   213.447 3.050E+11
   213.493 2.830E+11
   213.538 2.591E+11
   213.584 2.579E+11
   213.630 2.808E+11
   213.675 3.185E+11
   213.721 3.694E+11
   213.767 4.139E+11
   213.812 4.181E+11
   213.858 3.782E+11
   213.904 3.169E+11
   213.950 2.601E+11
   213.995 2.366E+11
   214.041 2.619E+11
   214.087 3.252E+11
   214.133 4.096E+11
   214.179 4.889E+11
   214.225 5.238E+11
   214.270 5.113E+11
   214.316 4.910E+11
   214.362 4.906E+11
   214.408 5.018E+11
   214.454 5.020E+11
   214.500 4.824E+11
   214.546 4.479E+11
   214.592 4.048E+11
   214.638 3.659E+11
   214.684 3.426E+11
   214.731 3.335E+11
   214.777 3.361E+11
   214.823 3.538E+11
   214.869 3.838E+11
   214.915 4.160E+11
   214.961 4.460E+11
   215.008 4.594E+11
   215.054 4.315E+11
   215.100 3.987E+11
   215.146 3.525E+11
   215.193 3.403E+11
   215.239 3.543E+11
   215.285 3.839E+11
   215.332 4.284E+11
   215.378 4.773E+11
   215.424 5.083E+11
   215.471 5.077E+11
   215.517 4.806E+11
   215.564 4.460E+11
   215.610 4.173E+11
   215.657 3.905E+11
   215.703 3.566E+11
   215.750 3.137E+11
   215.796 2.720E+11
   215.843 2.440E+11
   215.889 2.337E+11
   215.936 2.395E+11
   215.983 2.581E+11
   216.029 2.997E+11
   216.076 3.708E+11
   216.123 4.384E+11
   216.169 4.657E+11
   216.216 4.591E+11
   216.263 4.425E+11
   216.310 4.327E+11
   216.357 4.318E+11
   216.403 4.248E+11
   216.450 4.114E+11
   216.497 4.033E+11
   216.544 3.900E+11
   216.591 3.525E+11
   216.638 2.960E+11
   216.685 2.417E+11
   216.732 2.110E+11
   216.779 2.240E+11
   216.826 2.756E+11
   216.873 3.191E+11
   216.920 3.187E+11
   216.967 3.001E+11
   217.014 3.050E+11
   217.061 3.356E+11
   217.108 3.688E+11
   217.155 3.885E+11
   217.202 4.001E+11
   217.250 4.137E+11
   217.297 4.212E+11
   217.344 4.107E+11
   217.391 3.678E+11
   217.439 3.264E+11
   217.486 2.891E+11
   217.533 2.696E+11
   217.581 2.765E+11
   217.628 3.081E+11
   217.675 3.373E+11
   217.723 3.294E+11
   217.770 2.912E+11
   217.817 2.652E+11
   217.865 2.829E+11
   217.912 3.544E+11
   217.960 4.552E+11
   218.007 5.344E+11
   218.055 5.709E+11
   218.103 5.838E+11
   218.150 5.961E+11
   218.198 6.145E+11
   218.245 6.276E+11
   218.293 6.190E+11
   218.341 5.855E+11
   218.388 5.396E+11
   218.436 4.972E+11
   218.484 4.784E+11
   218.531 5.000E+11
   218.579 5.336E+11
   218.627 5.079E+11
   218.675 4.112E+11
   218.723 3.270E+11
   218.771 3.203E+11
   218.818 3.704E+11
   218.866 4.213E+11
   218.914 4.369E+11
   218.962 4.255E+11
   219.010 4.272E+11
   219.058 4.567E+11
   219.106 4.804E+11
   219.154 4.662E+11
   219.202 4.325E+11
   219.250 4.442E+11
   219.298 5.377E+11
   219.346 6.396E+11
   219.394 6.677E+11
   219.443 6.347E+11
   219.491 5.744E+11
   219.539 5.018E+11
   219.587 4.314E+11
   219.635 3.823E+11
   219.684 3.788E+11
   219.732 4.214E+11
   219.780 4.960E+11
   219.829 5.701E+11
   219.877 6.267E+11
   219.925 6.469E+11
   219.974 6.305E+11
   220.022 5.690E+11
   220.070 4.677E+11
   220.119 3.849E+11
   220.167 3.715E+11
   220.216 4.297E+11
   220.264 5.405E+11
   220.313 6.524E+11
   220.361 7.189E+11
   220.410 7.341E+11
   220.459 7.023E+11
   220.507 6.583E+11
   220.556 6.415E+11
   220.604 6.330E+11
   220.653 5.945E+11
   220.702 5.349E+11
   220.751 4.863E+11
   220.799 4.469E+11
   220.848 4.069E+11
   220.897 3.896E+11
   220.946 4.010E+11
   220.994 3.925E+11
   221.043 3.361E+11
   221.092 2.627E+11
   221.141 2.190E+11
   221.190 2.217E+11
   221.239 2.827E+11
   221.288 4.033E+11
   221.337 5.026E+11
   221.386 5.185E+11
   221.435 5.002E+11
   221.484 4.993E+11
   221.533 4.981E+11
   221.582 4.568E+11
   221.631 3.787E+11
   221.680 3.033E+11
   221.729 2.629E+11
   221.779 2.663E+11
   221.828 3.066E+11
   221.877 3.793E+11
   221.926 4.727E+11
   221.976 5.452E+11
   222.025 5.733E+11
   222.074 5.846E+11
   222.124 6.058E+11
   222.173 6.181E+11
   222.222 6.021E+11
   222.272 5.625E+11
   222.321 5.394E+11
   222.370 5.408E+11
   222.420 5.585E+11
   222.469 5.679E+11
   222.519 5.587E+11
   222.568 5.489E+11
   222.618 5.392E+11
   222.668 5.152E+11
   222.717 4.863E+11
   222.767 4.778E+11
   222.816 5.015E+11
   222.866 5.484E+11
   222.916 5.859E+11
   222.965 5.862E+11
   223.015 5.553E+11
   223.065 5.125E+11
   223.115 4.845E+11
   223.164 5.146E+11
   223.214 6.205E+11
   223.264 7.551E+11
   223.314 8.565E+11
   223.364 8.952E+11
   223.414 8.750E+11
   223.464 8.430E+11
   223.514 8.410E+11
   223.564 8.579E+11
   223.614 8.610E+11
   223.664 8.333E+11
   223.714 7.858E+11
   223.764 7.309E+11
   223.814 6.622E+11
   223.864 6.094E+11
   223.914 6.263E+11
   223.964 6.948E+11
   224.014 7.424E+11
   224.065 7.299E+11
   224.115 6.729E+11
   224.165 6.154E+11
   224.215 5.851E+11
   224.266 5.735E+11
   224.316 5.607E+11
   224.366 5.388E+11
   224.417 5.223E+11
   224.467 5.441E+11
   224.517 6.070E+11
   224.568 6.691E+11
   224.618 7.072E+11
   224.669 7.365E+11
   224.719 7.858E+11
   224.770 8.168E+11
   224.820 8.019E+11
   224.871 7.295E+11
   224.921 6.495E+11
   224.972 6.101E+11
   225.023 6.027E+11
   225.073 5.933E+11
   225.124 5.779E+11
   225.175 5.876E+11
   225.225 6.287E+11
   225.276 6.529E+11
   225.327 6.217E+11
   225.378 5.640E+11
   225.428 5.425E+11
   225.479 5.684E+11
   225.530 5.830E+11
   225.581 5.541E+11
   225.632 5.279E+11
   225.683 5.437E+11
   225.734 5.745E+11
   225.785 5.886E+11
   225.836 5.975E+11
   225.887 6.107E+11
   225.938 6.004E+11
   225.989 5.444E+11
   226.040 4.763E+11
   226.091 4.539E+11
   226.142 4.860E+11
   226.193 5.340E+11
   226.244 5.617E+11
   226.296 5.507E+11
   226.347 5.068E+11
   226.398 4.590E+11
   226.449 4.235E+11
   226.501 3.943E+11
   226.552 3.773E+11
   226.603 3.788E+11
   226.655 3.864E+11
   226.706 3.867E+11
   226.757 3.790E+11
   226.809 3.701E+11
   226.860 3.621E+11
   226.912 3.538E+11
   226.963 3.477E+11
   227.015 3.455E+11
   227.066 3.488E+11
   227.118 3.588E+11
   227.169 3.718E+11
   227.221 3.861E+11
   227.273 4.016E+11
   227.324 4.127E+11
   227.376 4.043E+11
   227.428 4.073E+11
   227.480 4.269E+11
   227.531 4.351E+11
   227.583 4.300E+11
   227.635 4.406E+11
   227.687 4.710E+11
   227.739 5.014E+11
   227.790 5.211E+11
   227.842 5.341E+11
   227.894 5.404E+11
   227.946 5.344E+11
   227.998 5.279E+11
   228.050 5.508E+11
   228.102 6.098E+11
   228.154 6.739E+11
   228.206 7.161E+11
   228.258 7.198E+11
   228.311 6.747E+11
   228.363 6.195E+11
   228.415 6.171E+11
   228.467 6.720E+11
   228.519 7.270E+11
   228.571 7.152E+11
   228.624 6.200E+11
   228.676 5.062E+11
   228.728 4.544E+11
   228.781 4.863E+11
   228.833 5.535E+11
   228.885 5.831E+11
   228.938 5.604E+11
   228.990 5.235E+11
   229.043 4.978E+11
   229.095 4.942E+11
   229.148 5.115E+11
   229.200 5.332E+11
   229.253 5.544E+11
   229.305 5.770E+11
   229.358 5.934E+11
   229.410 5.960E+11
   229.463 5.993E+11
   229.516 6.309E+11
   229.568 6.791E+11
   229.621 6.858E+11
   229.674 6.095E+11
   229.727 4.862E+11
   229.779 3.958E+11
   229.832 3.714E+11
   229.885 3.794E+11
   229.938 4.140E+11
   229.991 4.363E+11
   230.044 4.430E+11
   230.097 4.614E+11
   230.150 5.041E+11
   230.203 5.496E+11
   230.256 5.621E+11
   230.309 5.257E+11
   230.362 4.941E+11
   230.415 5.269E+11
   230.468 6.081E+11
   230.521 7.091E+11
   230.574 8.072E+11
   230.627 8.639E+11
   230.681 8.589E+11
   230.734 8.075E+11
   230.787 7.452E+11
   230.840 6.890E+11
   230.894 6.290E+11
   230.947 5.659E+11
   231.000 5.110E+11
   231.054 4.609E+11
   231.107 4.141E+11
   231.160 3.842E+11
   231.214 3.755E+11
   231.267 3.757E+11
   231.321 3.892E+11
   231.374 4.495E+11
   231.428 5.580E+11
   231.481 6.617E+11
   231.535 7.087E+11
   231.589 6.944E+11
   231.642 6.542E+11
   231.696 6.218E+11
   231.750 6.163E+11
   231.803 6.359E+11
   231.857 6.405E+11
   231.911 5.896E+11
   231.965 4.976E+11
   232.019 4.243E+11
   232.072 4.112E+11
   232.126 4.573E+11
   232.180 5.559E+11
   232.234 6.930E+11
   232.288 8.291E+11
   232.342 9.001E+11
   232.396 8.653E+11
   232.450 7.478E+11
   232.504 5.997E+11
   232.558 4.943E+11
   232.612 4.431E+11
   232.666 4.417E+11
   232.721 4.713E+11
   232.775 5.327E+11
   232.829 6.131E+11
   232.883 6.694E+11
   232.937 6.762E+11
   232.992 6.399E+11
   233.046 5.729E+11
   233.100 5.016E+11
   233.155 4.498E+11
   233.209 4.165E+11
   233.263 4.087E+11
   233.318 4.388E+11
   233.372 4.903E+11
   233.427 5.496E+11
   233.481 6.190E+11
   233.536 6.800E+11
   233.590 6.989E+11
   233.645 6.498E+11
   233.699 5.377E+11
   233.754 4.181E+11
   233.809 3.555E+11
   233.863 3.632E+11
   233.918 4.059E+11
   233.973 4.514E+11
   234.028 4.947E+11
   234.082 5.408E+11
   234.137 5.761E+11
   234.192 5.740E+11
   234.247 5.180E+11
   234.302 4.217E+11
   234.357 3.365E+11
   234.412 3.034E+11
   234.467 3.143E+11
   234.522 3.391E+11
   234.577 3.636E+11
   234.632 3.901E+11
   234.687 4.031E+11
   234.742 3.831E+11
   234.797 3.595E+11
   234.852 3.899E+11
   234.907 4.802E+11
   234.962 5.702E+11
   235.018 6.148E+11
   235.073 6.319E+11
   235.128 6.599E+11
   235.183 7.052E+11
   235.239 7.400E+11
   235.294 7.211E+11
   235.349 6.716E+11
   235.405 5.932E+11
   235.460 5.496E+11
   235.516 5.855E+11
   235.571 6.689E+11
   235.627 7.336E+11
   235.682 7.535E+11
   235.738 7.333E+11
   235.793 6.583E+11
   235.849 5.366E+11
   235.905 4.270E+11
   235.960 3.691E+11
   236.016 3.710E+11
   236.072 4.219E+11
   236.128 4.881E+11
   236.183 5.548E+11
   236.239 6.251E+11
   236.295 6.665E+11
   236.351 6.354E+11
   236.407 5.505E+11
   236.463 4.840E+11
   236.518 4.709E+11
   236.574 4.806E+11
   236.630 4.790E+11
   236.686 4.737E+11
   236.742 4.832E+11
   236.798 5.110E+11
   236.855 5.588E+11
   236.911 6.121E+11
   236.967 6.515E+11
   237.023 6.931E+11
   237.079 7.480E+11
   237.135 7.805E+11
   237.192 7.349E+11
   237.248 6.077E+11
   237.304 4.829E+11
   237.361 4.337E+11
   237.417 4.499E+11
   237.473 4.915E+11
   237.530 5.506E+11
   237.586 6.402E+11
   237.643 7.308E+11
   237.699 7.574E+11
   237.756 7.031E+11
   237.812 6.033E+11
   237.869 5.128E+11
   237.925 4.693E+11
   237.982 4.470E+11
   238.039 4.007E+11
   238.095 3.440E+11
   238.152 2.916E+11
   238.209 2.725E+11
   238.265 2.836E+11
   238.322 3.213E+11
   238.379 3.825E+11
   238.436 4.643E+11
   238.493 5.536E+11
   238.550 6.226E+11
   238.607 6.543E+11
   238.663 6.421E+11
   238.720 5.816E+11
   238.777 4.871E+11
   238.834 4.153E+11
   238.892 4.285E+11
   238.949 5.274E+11
   239.006 6.529E+11
   239.063 7.245E+11
   239.120 7.253E+11
   239.177 7.098E+11
   239.234 7.015E+11
   239.292 6.814E+11
   239.349 6.164E+11
   239.406 4.880E+11
   239.464 3.558E+11
   239.521 3.095E+11
   239.578 3.585E+11
   239.636 4.411E+11
   239.693 5.037E+11
   239.751 5.141E+11
   239.808 4.701E+11
   239.866 4.335E+11
   239.923 4.707E+11
   239.981 5.538E+11
   240.038 6.045E+11
   240.096 6.045E+11
   240.154 5.887E+11
   240.211 5.771E+11
   240.269 5.448E+11
   240.327 4.647E+11
   240.385 3.784E+11
   240.442 3.466E+11
   240.500 3.619E+11
   240.558 3.814E+11
   240.616 3.927E+11
   240.674 4.257E+11
   240.732 4.969E+11
   240.790 5.660E+11
   240.848 5.809E+11
   240.906 5.252E+11
   240.964 4.314E+11
   241.022 3.559E+11
   241.080 3.663E+11
   241.138 4.196E+11
   241.196 4.511E+11
   241.255 4.494E+11
   241.313 4.625E+11
   241.371 5.138E+11
   241.429 5.808E+11
   241.488 6.352E+11
   241.546 6.742E+11
   241.604 7.031E+11
   241.663 7.193E+11
   241.721 7.399E+11
   241.780 7.751E+11
   241.838 8.041E+11
   241.896 8.245E+11
   241.955 8.554E+11
   242.014 8.972E+11
   242.072 9.439E+11
   242.131 9.706E+11
   242.189 9.301E+11
   242.248 8.409E+11
   242.307 7.718E+11
   242.365 7.471E+11
   242.424 7.633E+11
   242.483 8.111E+11
   242.542 8.783E+11
   242.601 9.607E+11
   242.660 1.015E+12
   242.718 9.812E+11
   242.777 8.847E+11
   242.836 8.216E+11
   242.895 8.383E+11
   242.954 8.965E+11
   243.013 9.315E+11
   243.072 9.122E+11
   243.132 8.521E+11
   243.191 7.898E+11
   243.250 7.683E+11
   243.309 7.935E+11
   243.368 8.034E+11
   243.427 7.535E+11
   243.487 6.931E+11
   243.546 6.830E+11
   243.605 7.213E+11
   243.665 7.888E+11
   243.724 8.444E+11
   243.784 8.313E+11
   243.843 7.658E+11
   243.902 6.955E+11
   243.962 7.194E+11
   244.021 7.997E+11
   244.081 8.827E+11
   244.141 9.319E+11
   244.200 9.331E+11
   244.260 8.911E+11
   244.320 8.254E+11
   244.379 7.729E+11
   244.439 7.579E+11
   244.499 7.597E+11
   244.559 7.495E+11
   244.618 7.185E+11
   244.678 6.739E+11
   244.738 6.277E+11
   244.798 6.053E+11
   244.858 6.193E+11
   244.918 6.322E+11
   244.978 6.185E+11
   245.038 5.912E+11
   245.098 5.644E+11
   245.158 5.487E+11
   245.218 5.431E+11
   245.278 5.409E+11
   245.339 5.490E+11
   245.399 5.726E+11
   245.459 5.960E+11
   245.519 6.015E+11
   245.580 5.884E+11
   245.640 5.836E+11
   245.700 6.144E+11
   245.761 6.490E+11
   245.821 6.413E+11
   245.881 6.147E+11
   245.942 5.972E+11
   246.002 5.771E+11
   246.063 5.485E+11
   246.124 5.187E+11
   246.184 4.912E+11
   246.245 4.773E+11
   246.305 4.991E+11
   246.366 5.498E+11
   246.427 5.956E+11
   246.488 6.177E+11
   246.548 6.198E+11
   246.609 6.178E+11
   246.670 6.295E+11
   246.731 6.569E+11
   246.792 6.825E+11
   246.853 6.916E+11
   246.914 6.852E+11
   246.975 6.726E+11
   247.036 6.838E+11
   247.097 7.115E+11
   247.158 6.998E+11
   247.219 6.211E+11
   247.280 5.601E+11
   247.341 6.017E+11
   247.402 7.024E+11
   247.464 7.657E+11
   247.525 7.721E+11
   247.586 7.551E+11
   247.647 7.350E+11
   247.709 7.105E+11
   247.770 6.701E+11
   247.831 6.145E+11
   247.893 5.599E+11
   247.954 5.478E+11
   248.016 5.971E+11
   248.077 6.562E+11
   248.139 6.590E+11
   248.201 5.809E+11
   248.262 4.688E+11
   248.324 3.897E+11
   248.385 3.814E+11
   248.447 4.467E+11
   248.509 5.346E+11
   248.571 5.972E+11
   248.633 6.078E+11
   248.694 5.619E+11
   248.756 4.875E+11
   248.818 4.287E+11
   248.880 4.135E+11
   248.942 4.103E+11
   249.004 3.847E+11
   249.066 3.589E+11
   249.128 3.713E+11
   249.190 4.479E+11
   249.252 5.622E+11
   249.314 6.562E+11
   249.377 7.414E+11
   249.439 8.327E+11
   249.501 8.807E+11
   249.563 8.640E+11
   249.626 8.377E+11
   249.688 8.440E+11
   249.750 8.580E+11
   249.813 8.653E+11
   249.875 8.919E+11
   249.938 9.262E+11
   250.000 8.994E+11
   250.063 8.089E+11
   250.125 6.923E+11
   250.188 6.691E+11
   250.250 7.358E+11
   250.313 8.156E+11
   250.376 8.698E+11
   250.438 8.880E+11
   250.501 8.453E+11
   250.564 7.417E+11
   250.627 6.188E+11
   250.689 5.480E+11
   250.752 5.861E+11
   250.815 7.004E+11
   250.878 8.116E+11
   250.941 8.670E+11
   251.004 8.401E+11
   251.067 7.588E+11
   251.130 6.984E+11
   251.193 6.843E+11
   251.256 6.752E+11
   251.319 6.306E+11
   251.383 5.608E+11
   251.446 5.084E+11
   251.509 4.850E+11
   251.572 4.674E+11
   251.636 4.528E+11
   251.699 4.618E+11
   251.762 4.843E+11
   251.826 4.958E+11
   251.889 4.970E+11
   251.953 5.123E+11
   252.016 5.638E+11
   252.080 6.235E+11
   252.143 6.374E+11
   252.207 5.893E+11
   252.270 5.101E+11
   252.334 4.519E+11
   252.398 4.409E+11
   252.462 4.702E+11
   252.525 5.282E+11
   252.589 5.855E+11
   252.653 5.959E+11
   252.717 5.532E+11
   252.781 4.898E+11
   252.845 4.364E+11
   252.908 4.146E+11
   252.972 4.419E+11
   253.036 5.356E+11
   253.100 6.657E+11
   253.165 7.483E+11
   253.229 7.846E+11
   253.293 7.589E+11
   253.357 7.434E+11
   253.421 7.433E+11
   253.485 7.397E+11
   253.550 7.171E+11
   253.614 6.876E+11
   253.678 6.831E+11
   253.743 7.096E+11
   253.807 7.329E+11
   253.872 7.327E+11
   253.936 7.418E+11
   254.001 7.746E+11
   254.065 7.790E+11
   254.130 7.439E+11
   254.194 7.320E+11
   254.259 7.748E+11
   254.324 8.416E+11
   254.388 8.838E+11
   254.453 8.821E+11
   254.518 8.479E+11
   254.582 7.968E+11
   254.647 7.555E+11
   254.712 7.504E+11
   254.777 7.697E+11
   254.842 7.622E+11
   254.907 7.107E+11
   254.972 6.850E+11
   255.037 7.623E+11
   255.102 9.346E+11
   255.167 1.110E+12
   255.232 1.178E+12
   255.297 1.143E+12
   255.363 1.138E+12
   255.428 1.193E+12
   255.493 1.200E+12
   255.558 1.146E+12
   255.624 1.107E+12
   255.689 1.086E+12
   255.754 1.069E+12
   255.820 1.111E+12
   255.885 1.226E+12
   255.951 1.318E+12
   256.016 1.317E+12
   256.082 1.266E+12
   256.148 1.186E+12
   256.213 1.059E+12
   256.279 9.396E+11
   256.345 9.071E+11
   256.410 8.729E+11
   256.476 1.023E+12
   256.542 1.218E+12
   256.608 1.411E+12
   256.674 1.499E+12
   256.739 1.485E+12
   256.805 1.466E+12
   256.871 1.488E+12
   256.937 1.574E+12
   257.003 1.677E+12
   257.069 1.694E+12
   257.136 1.657E+12
   257.202 1.659E+12
   257.268 1.720E+12
   257.334 1.820E+12
   257.400 1.840E+12
   257.467 1.657E+12
   257.533 1.337E+12
   257.599 1.045E+12
   257.666 9.033E+11
   257.732 9.676E+11
   257.798 1.177E+12
   257.865 1.415E+12
   257.931 1.637E+12
   257.998 1.857E+12
   258.065 2.075E+12
   258.131 2.272E+12
   258.198 2.258E+12
   258.264 1.933E+12
   258.331 1.623E+12
   258.398 1.542E+12
   258.465 1.472E+12
   258.532 1.222E+12
   258.598 9.146E+11
   258.665 7.957E+11
   258.732 9.363E+11
   258.799 1.194E+12
   258.866 1.452E+12
   258.933 1.762E+12
   259.000 2.089E+12
   259.067 2.148E+12
   259.134 1.851E+12
   259.202 1.537E+12
   259.269 1.408E+12
   259.336 1.271E+12
   259.403 1.089E+12
   259.471 1.072E+12
   259.538 1.227E+12
   259.605 1.357E+12
   259.673 1.430E+12
   259.740 1.501E+12
   259.808 1.341E+12
   259.875 1.005E+12
   259.943 7.242E+11
   260.010 6.269E+11
   260.078 7.762E+11
   260.146 1.147E+12
   260.213 1.534E+12
   260.281 1.755E+12
   260.349 1.794E+12
   260.417 1.725E+12
   260.485 1.593E+12
   260.552 1.384E+12
   260.620 1.138E+12
   260.688 9.413E+11
   260.756 8.521E+11
   260.824 9.323E+11
   260.892 1.151E+12
   260.960 1.362E+12
   261.028 1.443E+12
   261.097 1.337E+12
   261.165 1.094E+12
   261.233 8.822E+11
   261.301 8.172E+11
   261.370 8.531E+11
   261.438 9.495E+11
   261.506 1.160E+12
   261.575 1.433E+12
   261.643 1.610E+12
   261.712 1.561E+12
   261.780 1.336E+12
   261.849 1.176E+12
   261.917 1.249E+12
   261.986 1.492E+12
   262.055 1.669E+12
   262.123 1.636E+12
   262.192 1.566E+12
   262.261 1.636E+12
   262.329 1.766E+12
   262.398 1.851E+12
   262.467 1.875E+12
   262.536 1.761E+12
   262.605 1.502E+12
   262.674 1.308E+12
   262.743 1.297E+12
   262.812 1.298E+12
   262.881 1.223E+12
   262.950 1.200E+12
   263.019 1.219E+12
   263.089 1.109E+12
   263.158 9.250E+11
   263.227 6.639E+11
   263.296 8.766E+11
   263.366 1.202E+12
   263.435 1.586E+12
   263.505 1.924E+12
   263.574 2.105E+12
   263.644 2.251E+12
   263.713 2.524E+12
   263.783 2.935E+12
   263.852 3.415E+12
   263.922 3.661E+12
   263.992 3.502E+12
   264.061 3.207E+12
   264.131 3.044E+12
   264.201 3.167E+12
   264.271 3.642E+12
   264.340 4.191E+12
   264.410 4.341E+12
   264.480 3.983E+12
   264.550 3.500E+12
   264.620 3.175E+12
   264.690 2.988E+12
   264.760 2.799E+12
   264.831 2.520E+12
   264.901 2.319E+12
   264.971 2.373E+12
   265.041 2.541E+12
   265.111 2.641E+12
   265.182 2.736E+12
   265.252 2.906E+12
   265.322 3.087E+12
   265.393 3.291E+12
   265.463 3.637E+12
   265.534 3.972E+12
   265.604 3.994E+12
   265.675 3.823E+12
   265.745 3.725E+12
   265.816 3.608E+12
   265.887 3.480E+12
   265.957 3.547E+12
   266.028 3.672E+12
   266.099 3.598E+12
   266.170 3.334E+12
   266.241 3.119E+12
   266.312 3.026E+12
   266.383 2.890E+12
   266.454 2.863E+12
   266.525 3.139E+12
   266.596 3.330E+12
   266.667 3.182E+12
   266.738 3.266E+12
   266.809 3.471E+12
   266.880 3.493E+12
   266.951 3.230E+12
   267.023 3.097E+12
   267.094 3.381E+12
   267.165 3.629E+12
   267.237 3.288E+12
   267.308 2.834E+12
   267.380 3.045E+12
   267.451 3.737E+12
   267.523 4.205E+12
   267.594 4.250E+12
   267.666 4.006E+12
   267.738 3.610E+12
   267.809 3.235E+12
   267.881 2.948E+12
   267.953 2.817E+12
   268.025 2.917E+12
   268.097 3.193E+12
   268.168 3.475E+12
   268.240 3.598E+12
   268.312 3.539E+12
   268.384 3.383E+12
   268.456 3.253E+12
   268.528 3.274E+12
   268.601 3.471E+12
   268.673 3.681E+12
   268.745 3.709E+12
   268.817 3.553E+12
   268.889 3.303E+12
   268.962 3.013E+12
   269.034 2.835E+12
   269.107 2.941E+12
   269.179 3.221E+12
   269.251 3.417E+12
   269.324 3.520E+12
   269.397 3.617E+12
   269.469 3.510E+12
   269.542 3.075E+12
   269.614 2.704E+12
   269.687 2.805E+12
   269.760 3.080E+12
   269.833 3.135E+12
   269.906 3.280E+12
   269.978 3.867E+12
   270.051 4.393E+12
   270.124 4.208E+12
   270.197 3.733E+12
   270.270 3.570E+12
   270.343 3.812E+12
   270.416 4.099E+12
   270.490 4.320E+12
   270.563 4.163E+12
   270.636 3.671E+12
   270.709 3.351E+12
   270.783 3.336E+12
   270.856 3.348E+12
   270.929 3.351E+12
   271.003 3.433E+12
   271.076 3.441E+12
   271.150 3.406E+12
   271.223 3.636E+12
   271.297 3.951E+12
   271.370 3.730E+12
   271.444 3.054E+12
   271.518 2.638E+12
   271.592 2.773E+12
   271.665 3.135E+12
   271.739 3.196E+12
   271.813 2.696E+12
   271.887 1.942E+12
   271.961 1.480E+12
   272.035 1.423E+12
   272.109 1.597E+12
   272.183 1.986E+12
   272.257 2.389E+12
   272.331 2.495E+12
   272.405 2.403E+12
   272.480 2.417E+12
   272.554 2.573E+12
   272.628 2.697E+12
   272.702 2.652E+12
   272.777 2.560E+12
   272.851 2.886E+12
   272.926 3.693E+12
   273.000 4.144E+12
   273.075 3.880E+12
   273.149 3.567E+12
   273.224 3.458E+12
   273.299 3.210E+12
   273.373 2.793E+12
   273.448 2.552E+12
   273.523 2.581E+12
   273.598 2.528E+12
   273.673 2.169E+12
   273.748 1.851E+12
   273.823 1.873E+12
   273.898 1.921E+12
   273.973 1.774E+12
   274.048 1.736E+12
   274.123 1.844E+12
   274.198 1.786E+12
   274.273 1.506E+12
   274.348 1.268E+12
   274.424 1.333E+12
   274.499 1.686E+12
   274.574 1.915E+12
   274.650 1.710E+12
   274.725 1.447E+12
   274.801 1.511E+12
   274.876 1.591E+12
   274.952 1.372E+12
   275.028 1.257E+12
   275.103 1.658E+12
   275.179 2.380E+12
   275.255 2.957E+12
   275.330 3.047E+12
   275.406 2.713E+12
   275.482 2.245E+12
   275.558 1.773E+12
   275.634 1.529E+12
   275.710 1.839E+12
   275.786 2.669E+12
   275.862 3.608E+12
   275.938 4.041E+12
   276.014 3.898E+12
   276.091 3.640E+12
   276.167 3.287E+12
   276.243 2.896E+12
   276.319 2.916E+12
   276.396 3.395E+12
   276.472 3.947E+12
   276.549 4.138E+12
   276.625 3.884E+12
   276.702 3.548E+12
   276.778 3.348E+12
   276.855 3.170E+12
   276.932 3.092E+12
   277.008 3.348E+12
   277.085 3.709E+12
   277.162 3.724E+12
   277.239 3.554E+12
   277.316 3.647E+12
   277.393 3.894E+12
   277.469 3.902E+12
   277.546 3.606E+12
   277.624 3.248E+12
   277.701 2.992E+12
   277.778 2.734E+12
   277.855 2.896E+12
   277.932 2.689E+12
   278.009 2.602E+12
   278.087 2.600E+12
   278.164 2.662E+12
   278.242 2.691E+12
   278.319 2.643E+12
   278.396 2.641E+12
   278.474 2.728E+12
   278.552 2.801E+12
   278.629 2.799E+12
   278.707 2.669E+12
   278.785 2.414E+12
   278.862 2.182E+12
   278.940 2.021E+12
   279.018 1.861E+12
   279.096 1.710E+12
   279.174 1.592E+12
   279.252 1.478E+12
   279.330 1.317E+12
   279.408 1.186E+12
   279.486 1.243E+12
   279.564 1.355E+12
   279.642 1.280E+12
   279.720 1.128E+12
   279.799 1.095E+12
   279.877 1.175E+12
   279.955 1.281E+12
   280.034 1.317E+12
   280.112 1.254E+12
   280.191 1.231E+12
   280.269 1.291E+12
   280.348 1.290E+12
   280.426 1.260E+12
   280.505 1.357E+12
   280.584 1.569E+12
   280.662 1.792E+12
   280.741 2.004E+12
   280.820 2.235E+12
   280.899 2.476E+12
   280.978 2.662E+12
   281.057 2.742E+12
   281.136 2.750E+12
   281.215 2.751E+12
   281.294 2.855E+12
   281.373 3.230E+12
   281.452 3.761E+12
   281.532 4.071E+12
   281.611 4.062E+12
   281.690 3.510E+12
   281.770 3.544E+12
   281.849 3.782E+12
   281.928 4.068E+12
   282.008 4.264E+12
   282.087 4.319E+12
   282.167 4.266E+12
   282.247 4.269E+12
   282.326 4.511E+12
   282.406 4.794E+12
   282.486 4.639E+12
   282.566 4.248E+12
   282.646 4.209E+12
   282.725 4.420E+12
   282.805 4.592E+12
   282.885 4.825E+12
   282.965 5.119E+12
   283.046 5.268E+12
   283.126 5.204E+12
   283.206 5.073E+12
   283.286 5.077E+12
   283.366 5.134E+12
   283.447 4.882E+12
   283.527 4.274E+12
   283.607 3.944E+12
   283.688 4.386E+12
   283.768 5.065E+12
   283.849 5.296E+12
   283.930 5.083E+12
   284.010 4.709E+12
   284.091 4.550E+12
   284.172 4.695E+12
   284.252 4.618E+12
   284.333 4.163E+12
   284.414 3.956E+12
   284.495 4.039E+12
   284.576 3.834E+12
   284.657 3.389E+12
   284.738 2.969E+12
   284.819 2.522E+12
   284.900 2.034E+12
   284.981 1.571E+12
   285.063 1.183E+12
   285.144 8.477E+11
   285.225 6.314E+11
   285.307 7.287E+11
   285.388 1.124E+12
   285.470 1.575E+12
   285.551 1.985E+12
   285.633 2.397E+12
   285.714 2.457E+12
   285.796 2.824E+12
   285.878 3.339E+12
   285.959 4.050E+12
   286.041 4.590E+12
   286.123 4.782E+12
   286.205 4.808E+12
   286.287 4.863E+12
   286.369 5.071E+12
   286.451 5.271E+12
   286.533 5.313E+12
   286.615 5.200E+12
   286.697 4.884E+12
   286.779 4.532E+12
   286.862 4.323E+12
   286.944 4.504E+12
   287.026 5.325E+12
   287.109 6.236E+12
   287.191 6.518E+12
   287.274 6.197E+12
   287.356 5.700E+12
   287.439 5.412E+12
   287.522 5.282E+12
   287.604 5.072E+12
   287.687 5.007E+12
   287.770 4.981E+12
   287.853 4.519E+12
   287.936 3.828E+12
   288.018 3.086E+12
   288.101 2.216E+12
   288.184 1.827E+12
   288.268 2.470E+12
   288.351 3.774E+12
   288.434 5.113E+12
   288.517 6.002E+12
   288.600 6.203E+12
   288.684 6.029E+12
   288.767 5.886E+12
   288.850 5.865E+12
   288.934 5.881E+12
   289.017 5.884E+12
   289.101 5.931E+12
   289.185 6.025E+12
   289.268 6.055E+12
   289.352 6.067E+12
   289.436 6.366E+12
   289.519 7.098E+12
   289.603 7.799E+12
   289.687 8.020E+12
   289.771 7.977E+12
   289.855 7.774E+12
   289.939 8.458E+12
   290.023 9.317E+12
   290.107 9.334E+12
   290.192 8.772E+12
   290.276 8.920E+12
   290.360 9.601E+12
   290.444 9.901E+12
   290.529 9.643E+12
   290.613 9.119E+12
   290.698 8.673E+12
   290.782 8.362E+12
   290.867 8.181E+12
   290.951 8.131E+12
   291.036 8.120E+12
   291.121 8.300E+12
   291.206 8.955E+12
   291.290 9.579E+12
   291.375 9.259E+12
   291.460 8.310E+12
   291.545 7.715E+12
   291.630 7.751E+12
   291.715 7.826E+12
   291.800 7.729E+12
   291.886 7.865E+12
   291.971 8.092E+12
   292.056 8.190E+12
   292.141 8.257E+12
   292.227 8.005E+12
   292.312 7.327E+12
   292.398 6.842E+12
   292.483 6.681E+12
   292.569 6.412E+12
   292.654 6.352E+12
   292.740 6.575E+12
   292.826 6.378E+12
   292.912 6.562E+12
   292.997 7.905E+12
   293.083 9.122E+12
   293.169 9.458E+12
   293.255 9.151E+12
   293.341 8.750E+12
   293.427 8.939E+12
   293.513 8.859E+12
   293.600 7.271E+12
   293.686 5.519E+12
   293.772 5.302E+12
   293.858 6.033E+12
   293.945 6.772E+12
   294.031 7.067E+12
   294.118 7.062E+12
   294.204 8.232E+12
   294.291 8.833E+12
   294.377 8.627E+12
   294.464 8.360E+12
   294.551 8.866E+12
   294.638 8.727E+12
   294.724 6.940E+12
   294.811 5.305E+12
   294.898 5.309E+12
   294.985 6.625E+12
   295.072 8.361E+12
   295.159 9.712E+12
   295.247 9.712E+12
   295.334 8.389E+12
   295.421 7.774E+12
   295.508 8.501E+12
   295.596 8.746E+12
   295.683 8.345E+12
   295.770 8.812E+12
   295.858 9.630E+12
   295.946 9.464E+12
   296.033 8.936E+12
   296.121 9.237E+12
   296.209 1.019E+13
   296.296 1.053E+13
   296.384 9.354E+12
   296.472 7.336E+12
   296.560 5.644E+12
   296.648 4.818E+12
   296.736 5.326E+12
   296.824 6.382E+12
   296.912 6.350E+12
   297.000 6.012E+12
   297.089 6.648E+12
   297.177 7.020E+12
   297.265 6.501E+12
   297.354 6.864E+12
   297.442 8.404E+12
   297.531 9.419E+12
   297.619 1.006E+13
   297.708 1.111E+13
   297.796 1.132E+13
   297.885 1.015E+13
   297.974 8.833E+12
   298.063 7.637E+12
   298.151 6.479E+12
   298.240 5.703E+12
   298.329 5.026E+12
   298.418 4.524E+12
   298.507 4.424E+12
   298.597 5.059E+12
   298.686 5.803E+12
   298.775 6.608E+12
   298.864 7.764E+12
   298.954 9.079E+12
   299.043 9.842E+12
   299.133 9.540E+12
   299.222 8.621E+12
   299.312 7.556E+12
   299.401 6.239E+12
   299.491 5.810E+12
   299.581 7.191E+12
   299.670 8.927E+12
   299.760 9.459E+12
   299.850 8.348E+12
   299.940 6.138E+12
   300.030 4.450E+12
   300.120 4.025E+12
   300.210 4.117E+12
   300.300 4.663E+12
   300.391 6.111E+12
   300.481 7.540E+12
   300.571 7.699E+12
   300.661 6.662E+12
   300.752 5.525E+12
   300.842 5.221E+12
   300.933 5.954E+12
   301.023 7.253E+12
   301.114 7.975E+12
   301.205 7.961E+12
   301.296 8.133E+12
   301.386 8.374E+12
   301.477 8.372E+12
   301.568 8.183E+12
   301.659 7.563E+12
   301.750 6.578E+12
   301.841 5.603E+12
   301.932 4.515E+12
   302.024 3.468E+12
   302.115 3.926E+12
   302.206 6.300E+12
   302.297 8.393E+12
   302.389 8.592E+12
   302.480 7.520E+12
   302.572 6.722E+12
   302.663 7.800E+12
   302.755 1.012E+13
   302.847 1.111E+13
   302.939 1.045E+13
   303.030 8.911E+12
   303.122 8.897E+12
   303.214 1.008E+13
   303.306 1.105E+13
   303.398 1.111E+13
   303.490 1.098E+13
   303.582 1.013E+13
   303.674 7.895E+12
   303.767 6.461E+12
   303.859 7.436E+12
   303.951 8.778E+12
   304.044 8.555E+12
   304.136 7.619E+12
   304.229 7.742E+12
   304.321 9.023E+12
   304.414 1.018E+13
   304.507 1.061E+13
   304.599 9.818E+12
   304.692 7.797E+12
   304.785 6.907E+12
   304.878 8.293E+12
   304.971 9.759E+12
   305.064 1.039E+13
   305.157 1.145E+13
   305.250 1.188E+13
   305.344 1.052E+13
   305.437 9.299E+12
   305.530 9.275E+12
   305.623 8.695E+12
   305.717 6.786E+12
   305.810 5.098E+12
   305.904 5.039E+12
   305.998 6.755E+12
   306.091 9.191E+12
   306.185 1.063E+13
   306.279 1.031E+13
   306.373 9.113E+12
   306.466 8.464E+12
   306.560 8.279E+12
   306.654 7.549E+12
   306.748 7.289E+12
   306.843 8.648E+12
   306.937 1.033E+13
   307.031 1.097E+13
   307.125 1.060E+13
   307.220 1.005E+13
   307.314 1.004E+13
   307.409 9.845E+12
   307.503 9.157E+12
   307.598 9.375E+12
   307.692 1.029E+13
   307.787 1.024E+13
   307.882 1.033E+13
   307.977 1.074E+13
   308.071 1.007E+13
   308.166 8.791E+12
   308.261 8.523E+12
   308.356 9.675E+12
   308.452 1.142E+13
   308.547 1.213E+13
   308.642 1.108E+13
   308.737 9.702E+12
   308.833 9.330E+12
   308.928 9.270E+12
   309.023 8.502E+12
   309.119 7.291E+12
   309.215 6.202E+12
   309.310 5.861E+12
   309.406 7.117E+12
   309.502 8.872E+12
   309.598 8.844E+12
   309.693 7.816E+12
   309.789 7.719E+12
   309.885 7.372E+12
   309.981 5.859E+12
   310.078 4.874E+12
   310.174 5.712E+12
   310.270 8.190E+12
   310.366 1.079E+13
   310.463 1.194E+13
   310.559 1.211E+13
   310.655 1.259E+13
   310.752 1.347E+13
   310.849 1.396E+13
   310.945 1.342E+13
   311.042 1.272E+13
   311.139 1.304E+13
   311.236 1.360E+13
   311.333 1.327E+13
   311.429 1.285E+13
   311.526 1.284E+13
   311.624 1.215E+13
   311.721 1.093E+13
   311.818 1.012E+13
   311.915 9.705E+12
   312.012 9.466E+12
   312.110 9.489E+12
   312.207 1.009E+13
   312.305 1.126E+13
   312.402 1.168E+13
   312.500 1.086E+13
   312.598 1.031E+13
   312.695 1.083E+13
   312.793 1.125E+13
   312.891 1.131E+13
   312.989 1.119E+13
   313.087 1.094E+13
   313.185 1.078E+13
   313.283 1.056E+13
   313.381 1.031E+13
   313.480 1.051E+13
   313.578 1.111E+13
   313.676 1.200E+13
   313.775 1.310E+13
   313.873 1.357E+13
   313.972 1.330E+13
   314.070 1.322E+13
   314.169 1.290E+13
   314.268 1.078E+13
   314.367 7.594E+12
   314.465 6.379E+12
   314.564 7.743E+12
   314.663 9.348E+12
   314.762 1.042E+13
   314.861 1.156E+13
   314.961 1.215E+13
   315.060 1.196E+13
   315.159 1.180E+13
   315.259 1.187E+13
   315.358 1.176E+13
   315.457 1.137E+13
   315.557 1.079E+13
   315.657 9.433E+12
   315.756 7.503E+12
   315.856 6.496E+12
   315.956 6.660E+12
   316.056 7.176E+12
   316.156 8.140E+12
   316.256 9.596E+12
   316.356 1.047E+13
   316.456 1.044E+13
   316.556 1.051E+13
   316.656 1.104E+13
   316.756 1.121E+13
   316.857 1.106E+13
   316.957 1.192E+13
   317.058 1.367E+13
   317.158 1.488E+13
   317.259 1.497E+13
   317.360 1.427E+13
   317.460 1.375E+13
   317.561 1.443E+13
   317.662 1.466E+13
   317.763 1.293E+13
   317.864 1.024E+13
   317.965 8.624E+12
   318.066 8.274E+12
   318.167 8.499E+12
   318.269 9.080E+12
   318.370 9.835E+12
   318.471 1.061E+13
   318.573 1.125E+13
   318.674 1.166E+13
   318.776 1.253E+13
   318.878 1.380E+13
   318.979 1.358E+13
   319.081 1.129E+13
   319.183 8.984E+12
   319.285 8.519E+12
   319.387 9.646E+12
   319.489 1.073E+13
   319.591 1.096E+13
   319.693 1.142E+13
   319.795 1.277E+13
   319.898 1.335E+13
   320.000 1.279E+13
   320.102 1.286E+13
   320.205 1.340E+13
   320.307 1.393E+13
   320.410 1.466E+13
   320.513 1.499E+13
   320.616 1.498E+13
   320.718 1.459E+13
   320.821 1.330E+13
   320.924 1.175E+13
   321.027 1.051E+13
   321.130 9.663E+12
   321.234 9.320E+12
   321.337 9.178E+12
   321.440 9.645E+12
   321.543 1.076E+13
   321.647 1.150E+13
   321.750 1.242E+13
   321.854 1.381E+13
   321.958 1.457E+13
   322.061 1.432E+13
   322.165 1.293E+13
   322.269 1.191E+13
   322.373 1.239E+13
   322.477 1.239E+13
   322.581 1.130E+13
   322.685 1.037E+13
   322.789 9.686E+12
   322.893 9.164E+12
   322.997 9.625E+12
   323.102 1.111E+13
   323.206 1.228E+13
   323.311 1.194E+13
   323.415 1.100E+13
   323.520 1.067E+13
   323.625 1.079E+13
   323.729 1.141E+13
   323.834 1.197E+13
   323.939 1.235E+13
   324.044 1.321E+13
   324.149 1.368E+13
   324.254 1.339E+13
   324.359 1.325E+13
   324.465 1.386E+13
   324.570 1.446E+13
   324.675 1.374E+13
   324.781 1.244E+13
   324.886 1.205E+13
   324.992 1.235E+13
   325.098 1.274E+13
   325.203 1.320E+13
   325.309 1.353E+13
   325.415 1.433E+13
   325.521 1.597E+13
   325.627 1.689E+13
   325.733 1.683E+13
   325.839 1.718E+13
   325.945 1.772E+13
   326.052 1.763E+13
   326.158 1.714E+13
   326.264 1.632E+13
   326.371 1.511E+13
   326.477 1.500E+13
   326.584 1.638E+13
   326.691 1.748E+13
   326.797 1.751E+13
   326.904 1.674E+13
   327.011 1.565E+13
   327.118 1.535E+13
   327.225 1.605E+13
   327.332 1.671E+13
   327.439 1.680E+13
   327.547 1.608E+13
   327.654 1.553E+13
   327.761 1.524E+13
   327.869 1.502E+13
   327.976 1.519E+13
   328.084 1.519E+13
   328.192 1.499E+13
   328.299 1.530E+13
   328.407 1.536E+13
   328.515 1.424E+13
   328.623 1.282E+13
   328.731 1.300E+13
   328.839 1.506E+13
   328.947 1.712E+13
   329.056 1.773E+13
   329.164 1.775E+13
   329.272 1.838E+13
   329.381 1.885E+13
   329.489 1.868E+13
   329.598 1.870E+13
   329.707 1.872E+13
   329.815 1.890E+13
   329.924 2.006E+13
   330.033 2.044E+13
   330.142 1.867E+13
   330.251 1.693E+13
   330.360 1.623E+13
   330.469 1.480E+13
   330.579 1.340E+13
   330.688 1.409E+13
   330.797 1.585E+13
   330.907 1.678E+13
   331.016 1.687E+13
   331.126 1.650E+13
   331.236 1.567E+13
   331.345 1.478E+13
   331.455 1.483E+13
   331.565 1.591E+13
   331.675 1.695E+13
   331.785 1.724E+13
   331.895 1.696E+13
   332.005 1.653E+13
   332.116 1.556E+13
   332.226 1.418E+13
   332.336 1.431E+13
   332.447 1.619E+13
   332.557 1.776E+13
   332.668 1.713E+13
   332.779 1.590E+13
   332.889 1.531E+13
   333.000 1.601E+13
   333.111 1.697E+13
   333.222 1.721E+13
   333.333 1.649E+13
   333.444 1.471E+13
   333.556 1.316E+13
   333.667 1.353E+13
   333.778 1.525E+13
   333.890 1.630E+13
   334.001 1.626E+13
   334.113 1.594E+13
   334.225 1.638E+13
   334.336 1.756E+13
   334.448 1.830E+13
   334.560 1.831E+13
   334.672 1.735E+13
   334.784 1.511E+13
   334.896 1.377E+13
   335.008 1.538E+13
   335.121 1.761E+13
   335.233 1.819E+13
   335.345 1.800E+13
   335.458 1.844E+13
   335.570 1.897E+13
   335.683 1.795E+13
   335.796 1.478E+13
   335.909 1.096E+13
   336.022 8.983E+12
   336.134 1.041E+13
   336.247 1.399E+13
   336.361 1.686E+13
   336.474 1.760E+13
   336.587 1.627E+13
   336.700 1.410E+13
   336.814 1.244E+13
   336.927 1.179E+13
   337.041 1.178E+13
   337.154 1.193E+13
   337.268 1.277E+13
   337.382 1.466E+13
   337.496 1.699E+13
   337.610 1.841E+13
   337.724 1.797E+13
   337.838 1.537E+13
   337.952 1.288E+13
   338.066 1.316E+13
   338.181 1.499E+13
   338.295 1.582E+13
   338.409 1.640E+13
   338.524 1.747E+13
   338.639 1.746E+13
   338.753 1.648E+13
   338.868 1.690E+13
   338.983 1.763E+13
   339.098 1.624E+13
   339.213 1.403E+13
   339.328 1.357E+13
   339.443 1.511E+13
   339.559 1.688E+13
   339.674 1.804E+13
   339.789 1.887E+13
   339.905 1.983E+13
   340.020 2.061E+13
   340.136 1.992E+13
   340.252 1.859E+13
   340.368 1.775E+13
   340.483 1.736E+13
   340.599 1.689E+13
   340.716 1.618E+13
   340.832 1.595E+13
   340.948 1.646E+13
   341.064 1.741E+13
   341.180 1.718E+13
   341.297 1.486E+13
   341.413 1.335E+13
   341.530 1.457E+13
   341.647 1.640E+13
   341.764 1.765E+13
   341.880 1.911E+13
   341.997 1.996E+13
   342.114 1.910E+13
   342.231 1.711E+13
   342.349 1.592E+13
   342.466 1.657E+13
   342.583 1.701E+13
   342.700 1.695E+13
   342.818 1.807E+13
   342.936 2.018E+13
   343.053 2.067E+13
   343.171 1.876E+13
   343.289 1.679E+13
   343.407 1.731E+13
   343.525 1.851E+13
   343.643 1.773E+13
   343.761 1.629E+13
   343.879 1.475E+13
   343.997 1.179E+13
   344.116 9.527E+12
   344.234 9.676E+12
   344.353 1.094E+13
   344.471 1.241E+13
   344.590 1.352E+13
   344.709 1.461E+13
   344.828 1.618E+13
   344.947 1.780E+13
   345.066 1.864E+13
   345.185 1.753E+13
   345.304 1.658E+13
   345.423 1.791E+13
   345.543 1.898E+13
   345.662 1.808E+13
   345.781 1.636E+13
   345.901 1.486E+13
   346.021 1.383E+13
   346.141 1.390E+13
   346.260 1.593E+13
   346.380 1.810E+13
   346.500 1.783E+13
   346.620 1.695E+13
   346.741 1.784E+13
   346.861 1.898E+13
   346.981 1.934E+13
   347.102 1.861E+13
   347.222 1.696E+13
   347.343 1.546E+13
   347.464 1.371E+13
   347.584 1.295E+13
   347.705 1.426E+13
   347.826 1.670E+13
   347.947 1.785E+13
   348.068 1.772E+13
   348.189 1.687E+13
   348.311 1.576E+13
   348.432 1.550E+13
   348.554 1.682E+13
   348.675 1.847E+13
   348.797 1.779E+13
   348.918 1.523E+13
   349.040 1.389E+13
   349.162 1.427E+13
   349.284 1.524E+13
   349.406 1.630E+13
   349.528 1.593E+13
   349.650 1.447E+13
   349.773 1.524E+13
   349.895 1.848E+13
   350.018 2.055E+13
   350.140 2.080E+13
   350.263 2.130E+13
   350.385 2.140E+13
   350.508 1.992E+13
   350.631 1.894E+13
   350.754 1.946E+13
   350.877 1.924E+13
   351.000 1.894E+13
   351.124 1.856E+13
   351.247 1.811E+13
   351.370 1.760E+13
   351.494 1.708E+13
   351.617 1.657E+13
   351.741 1.608E+13
   351.865 1.564E+13
   351.989 1.528E+13
   352.113 1.500E+13
   352.237 1.485E+13
   352.361 1.483E+13
   352.485 1.498E+13
   352.609 1.596E+13
   352.734 1.641E+13
   352.858 1.696E+13
   352.983 1.758E+13
   353.107 1.824E+13
   353.232 1.887E+13
   353.357 1.944E+13
   353.482 1.993E+13
   353.607 2.031E+13
   353.732 2.055E+13
   353.857 2.068E+13
   353.982 2.074E+13
   354.108 2.072E+13
   354.233 2.065E+13
   354.359 2.055E+13
   354.484 2.043E+13
   354.610 2.032E+13
   354.736 2.020E+13
   354.862 2.006E+13
   354.988 1.993E+13
   355.114 1.977E+13
   355.240 1.958E+13
   355.366 1.938E+13
   355.492 1.911E+13
   355.619 1.882E+13
   355.745 1.850E+13
   355.872 1.817E+13
   355.999 1.784E+13
   356.125 1.755E+13
   356.252 1.731E+13
   356.379 1.713E+13
   356.506 1.705E+13
   356.633 1.703E+13
   356.761 1.707E+13
   356.888 1.712E+13
   357.015 1.715E+13
   357.143 1.709E+13
   357.270 1.691E+13
   357.398 1.656E+13
   357.526 1.546E+13
   357.654 1.474E+13
   357.782 1.386E+13
   357.910 1.295E+13
   358.038 1.211E+13
   358.166 1.143E+13
   358.295 1.102E+13
   358.423 1.095E+13
   358.551 1.135E+13
   358.680 1.213E+13
   358.809 1.328E+13
   358.938 1.465E+13
   359.066 1.611E+13
   359.195 1.754E+13
   359.324 1.881E+13
   359.454 1.982E+13
   359.583 2.044E+13
   359.712 2.070E+13
   359.842 2.060E+13
   359.971 2.024E+13
   360.101 1.969E+13
   360.231 1.899E+13
   360.360 1.825E+13
   360.490 1.750E+13
   360.620 1.683E+13
   360.750 1.626E+13
   360.881 1.581E+13
   361.011 1.551E+13
   361.141 1.538E+13
   361.272 1.542E+13
   361.402 1.568E+13
   361.533 1.612E+13
   361.664 1.678E+13
   361.795 1.756E+13
   361.925 1.842E+13
   362.056 1.925E+13
   362.188 2.000E+13
   362.319 2.059E+13
   362.450 2.093E+13
   362.582 2.150E+13
   362.713 2.129E+13
   362.845 2.086E+13
   362.976 2.027E+13
   363.108 1.958E+13
   363.240 1.889E+13
   363.372 1.825E+13
   363.504 1.774E+13
   363.636 1.738E+13
   363.769 1.720E+13
   363.901 1.718E+13
   364.033 1.732E+13
   364.166 1.760E+13
   364.299 1.800E+13
   364.431 1.849E+13
   364.564 1.911E+13
   364.697 1.977E+13
   364.830 2.046E+13
   364.964 2.117E+13
   365.097 2.185E+13
   365.230 2.245E+13
   365.364 2.296E+13
   365.497 2.335E+13
   365.631 2.358E+13
   365.764 2.368E+13
   365.898 2.369E+13
   366.032 2.362E+13
   366.166 2.350E+13
   366.300 2.337E+13
   366.435 2.328E+13
   366.569 2.320E+13
   366.703 2.319E+13
   366.838 2.318E+13
   366.972 2.319E+13
   367.107 2.314E+13
   367.242 2.306E+13
   367.377 2.286E+13
   367.512 2.193E+13
   367.647 2.153E+13
   367.782 2.103E+13
   367.918 2.054E+13
   368.053 2.009E+13
   368.189 1.978E+13
   368.324 1.967E+13
   368.460 1.977E+13
   368.596 2.019E+13
   368.732 2.081E+13
   368.868 2.162E+13
   369.004 2.246E+13
   369.140 2.323E+13
   369.276 2.383E+13
   369.413 2.414E+13
   369.549 2.413E+13
   369.686 2.373E+13
   369.822 2.307E+13
   369.959 2.222E+13
   370.096 2.133E+13
   370.233 2.056E+13
   370.370 1.999E+13
   370.508 1.979E+13
   370.645 1.991E+13
   370.782 2.040E+13
   370.920 2.110E+13
   371.058 2.191E+13
   371.195 2.272E+13
   371.333 2.339E+13
   371.471 2.384E+13
   371.609 2.395E+13
   371.747 2.375E+13
   371.885 2.327E+13
   372.024 2.259E+13
   372.162 2.175E+13
   372.301 2.086E+13
   372.439 1.995E+13
   372.578 2.016E+13
   372.717 1.936E+13
   372.856 1.865E+13
   372.995 1.802E+13
   373.134 1.747E+13
   373.274 1.701E+13
   373.413 1.663E+13
   373.552 1.633E+13
   373.692 1.613E+13
   373.832 1.602E+13
   373.972 1.603E+13
   374.111 1.615E+13
   374.252 1.642E+13
   374.392 1.684E+13
   374.532 1.740E+13
   374.672 1.811E+13
   374.813 1.891E+13
   374.953 1.973E+13
   375.094 2.053E+13
   375.235 2.123E+13
   375.375 2.181E+13
   375.516 2.218E+13
   375.657 2.234E+13
   375.799 2.229E+13
   375.940 2.214E+13
   376.081 2.193E+13
   376.223 2.173E+13
   376.364 2.160E+13
   376.506 2.159E+13
   376.648 2.179E+13
   376.790 2.212E+13
   376.932 2.262E+13
   377.074 2.320E+13
   377.216 2.385E+13
   377.358 2.453E+13
   377.501 2.488E+13
   377.644 2.551E+13
   377.786 2.604E+13
   377.929 2.645E+13
   378.072 2.667E+13
   378.215 2.666E+13
   378.358 2.636E+13
   378.501 2.580E+13
   378.644 2.492E+13
   378.788 2.384E+13
   378.931 2.264E+13
   379.075 2.149E+13
   379.219 2.052E+13
   379.363 1.986E+13
   379.507 1.966E+13
   379.651 1.986E+13
   379.795 2.050E+13
   379.939 2.140E+13
   380.084 2.245E+13
   380.228 2.349E+13
   380.373 2.436E+13
   380.518 2.498E+13
   380.662 2.522E+13
   380.807 2.512E+13
   380.952 2.470E+13
   381.098 2.404E+13
   381.243 2.321E+13
   381.388 2.222E+13
   381.534 2.117E+13
   381.679 2.006E+13
   381.825 1.896E+13
   381.971 1.788E+13
   382.117 1.684E+13
   382.263 1.587E+13
   382.409 1.499E+13
   382.555 1.370E+13
   382.702 1.305E+13
   382.848 1.257E+13
   382.995 1.228E+13
   383.142 1.221E+13
   383.289 1.239E+13
   383.436 1.284E+13
   383.583 1.358E+13
   383.730 1.454E+13
   383.877 1.565E+13
   384.025 1.681E+13
   384.172 1.790E+13
   384.320 1.883E+13
   384.468 1.945E+13
   384.615 1.981E+13
   384.763 1.980E+13
   384.911 1.957E+13
   385.060 1.922E+13
   385.208 1.885E+13
   385.356 1.856E+13
   385.505 1.841E+13
   385.654 1.852E+13
   385.802 1.878E+13
   385.951 1.919E+13
   386.100 1.965E+13
   386.250 2.009E+13
   386.399 2.045E+13
   386.548 2.063E+13
   386.698 2.066E+13
   386.847 2.049E+13
   386.997 2.018E+13
   387.147 1.980E+13
   387.297 1.934E+13
   387.447 1.885E+13
   387.597 1.774E+13
   387.747 1.731E+13
   387.898 1.696E+13
   388.048 1.673E+13
   388.199 1.666E+13
   388.350 1.678E+13
   388.500 1.711E+13
   388.651 1.769E+13
   388.802 1.846E+13
   388.954 1.940E+13
   389.105 2.043E+13
   389.257 2.152E+13
   389.408 2.260E+13
   389.560 2.365E+13
   389.712 2.460E+13
   389.864 2.546E+13
   390.016 2.621E+13
   390.168 2.685E+13
   390.320 2.737E+13
   390.472 2.778E+13
   390.625 2.804E+13
   390.778 2.819E+13
   390.930 2.818E+13
   391.083 2.802E+13
   391.236 2.767E+13
   391.389 2.717E+13
   391.543 2.649E+13
   391.696 2.562E+13
   391.850 2.456E+13
   392.003 2.331E+13
   392.157 2.188E+13
   392.311 2.024E+13
   392.465 1.845E+13
   392.619 1.758E+13
   392.773 1.560E+13
   392.927 1.370E+13
   393.082 1.207E+13
   393.236 1.088E+13
   393.391 1.025E+13
   393.546 1.039E+13
   393.701 1.119E+13
   393.856 1.269E+13
   394.011 1.465E+13
   394.166 1.693E+13
   394.322 1.936E+13
   394.477 2.177E+13
   394.633 2.400E+13
   394.789 2.592E+13
   394.945 2.740E+13
   395.101 2.833E+13
   395.257 2.858E+13
   395.413 2.803E+13
   395.570 2.677E+13
   395.726 2.468E+13
   395.883 2.218E+13
   396.040 1.948E+13
   396.197 1.693E+13
   396.354 1.490E+13
   396.511 1.353E+13
   396.668 1.317E+13
   396.825 1.359E+13
   396.983 1.475E+13
   397.141 1.642E+13
   397.298 1.838E+13
   397.456 2.047E+13
   397.614 2.326E+13
   397.772 2.521E+13
   397.931 2.701E+13
   398.089 2.860E+13
   398.248 3.001E+13
   398.406 3.121E+13
   398.565 3.219E+13
   398.724 3.296E+13
   398.883 3.354E+13
   399.042 3.393E+13
   399.202 3.417E+13
   399.361 3.428E+13
   399.521 3.429E+13
   399.680 3.425E+13
   399.840 3.418E+13
   400.000 3.411E+13
   400.160 3.409E+13
   400.320 3.414E+13
   400.481 3.434E+13
   400.641 3.463E+13
   400.802 3.509E+13
   400.962 3.561E+13
   401.123 3.617E+13
   401.284 3.671E+13
   401.445 3.719E+13
   401.606 3.755E+13
   401.768 3.782E+13
   401.929 3.796E+13
   402.091 3.800E+13
   402.253 3.791E+13
   402.414 3.770E+13
   402.576 3.638E+13
   402.739 3.599E+13
   402.901 3.552E+13
   403.063 3.502E+13
   403.226 3.451E+13
   403.388 3.404E+13
   403.551 3.358E+13
   403.714 3.323E+13
   403.877 3.294E+13
   404.040 3.273E+13
   404.204 3.262E+13
   404.367 3.261E+13
   404.531 3.271E+13
   404.694 3.288E+13
   404.858 3.312E+13
   405.022 3.342E+13
   405.186 3.370E+13
   405.351 3.394E+13
   405.515 3.414E+13
   405.680 3.423E+13
   405.844 3.424E+13
   406.009 3.414E+13
   406.174 3.395E+13
   406.339 3.361E+13
   406.504 3.322E+13
   406.669 3.272E+13
   406.835 3.222E+13
   407.000 3.180E+13
   407.166 3.153E+13
   407.332 3.154E+13
   407.498 3.184E+13
   407.664 3.487E+13
   407.830 3.581E+13
   407.997 3.691E+13
   408.163 3.804E+13
   408.330 3.902E+13
   408.497 3.973E+13
   408.664 4.010E+13
   408.831 4.014E+13
   408.998 3.982E+13
   409.165 3.924E+13
   409.333 3.845E+13
   409.500 3.748E+13
   409.668 3.642E+13
   409.836 3.537E+13
   410.004 3.443E+13
   410.172 3.374E+13
   410.341 3.347E+13
   410.509 3.360E+13
   410.678 3.428E+13
   410.846 3.531E+13
   411.015 3.661E+13
   411.184 3.795E+13
   411.353 3.910E+13
   411.523 4.003E+13
   411.692 4.050E+13
   411.862 4.066E+13
   412.031 4.051E+13
   412.201 4.022E+13
   412.371 3.986E+13
   412.541 3.782E+13
   412.712 3.757E+13
   412.882 3.740E+13
   413.052 3.731E+13
   413.223 3.726E+13
   413.394 3.725E+13
   413.565 3.723E+13
   413.736 3.722E+13
   413.907 3.720E+13
   414.079 3.715E+13
   414.250 3.708E+13
   414.422 3.697E+13
   414.594 3.686E+13
   414.766 3.673E+13
   414.938 3.662E+13
   415.110 3.659E+13
   415.282 3.669E+13
   415.455 3.696E+13
   415.628 3.735E+13
   415.800 3.787E+13
   415.973 3.843E+13
   416.146 3.891E+13
   416.320 3.922E+13
   416.493 3.919E+13
   416.667 3.891E+13
   416.840 3.834E+13
   417.014 3.762E+13
   417.188 3.686E+13
   417.362 3.618E+13
   417.537 3.698E+13
   417.711 3.672E+13
   417.886 3.671E+13
   418.060 3.683E+13
   418.235 3.706E+13
   418.410 3.731E+13
   418.585 3.749E+13
   418.760 3.765E+13
   418.936 3.773E+13
   419.111 3.779E+13
   419.287 3.783E+13
   419.463 3.789E+13
   419.639 3.799E+13
   419.815 3.813E+13
   419.992 3.831E+13
   420.168 3.856E+13
   420.345 3.890E+13
   420.521 3.925E+13
   420.698 3.967E+13
   420.875 4.005E+13
   421.053 4.032E+13
   421.230 4.040E+13
   421.408 4.018E+13
   421.585 3.971E+13
   421.763 3.892E+13
   421.941 3.800E+13
   422.119 3.708E+13
   422.297 3.627E+13
   422.476 3.582E+13
   422.654 3.462E+13
   422.833 3.489E+13
   423.012 3.542E+13
   423.191 3.609E+13
   423.370 3.683E+13
   423.549 3.749E+13
   423.729 3.804E+13
   423.908 3.842E+13
   424.088 3.864E+13
   424.268 3.875E+13
   424.448 3.868E+13
   424.628 3.848E+13
   424.809 3.822E+13
   424.989 3.789E+13
   425.170 3.759E+13
   425.351 3.739E+13
   425.532 3.726E+13
   425.713 3.727E+13
   425.894 3.735E+13
   426.076 3.743E+13
   426.257 3.747E+13
   426.439 3.733E+13
   426.621 3.705E+13
   426.803 3.659E+13
   426.985 3.605E+13
   427.168 3.551E+13
   427.350 3.500E+13
   427.533 3.483E+13
   427.716 3.465E+13
   427.899 3.466E+13
   428.082 3.478E+13
   428.266 3.497E+13
   428.449 3.518E+13
   428.633 3.535E+13
   428.816 3.536E+13
   429.000 3.516E+13
   429.185 3.464E+13
   429.369 3.366E+13
   429.553 3.229E+13
   429.738 3.046E+13
   429.923 2.859E+13
   430.108 2.698E+13
   430.293 2.597E+13
   430.478 2.605E+13
   430.663 2.704E+13
   430.849 2.911E+13
   431.034 3.166E+13
   431.220 3.424E+13
   431.406 3.649E+13
   431.593 3.783E+13
   431.779 3.848E+13
   431.965 3.836E+13
   432.152 3.788E+13
   432.339 3.737E+13
   432.526 3.613E+13
   432.713 3.616E+13
   432.900 3.644E+13
   433.088 3.694E+13
   433.276 3.743E+13
   433.463 3.778E+13
   433.651 3.794E+13
   433.839 3.783E+13
   434.028 3.756E+13
   434.216 3.723E+13
   434.405 3.689E+13
   434.594 3.667E+13
   434.783 3.658E+13
   434.972 3.668E+13
   435.161 3.696E+13
   435.350 3.748E+13
   435.540 3.820E+13
   435.730 3.911E+13
   435.920 4.007E+13
   436.110 4.106E+13
   436.300 4.187E+13
   436.491 4.243E+13
   436.681 4.269E+13
   436.872 4.256E+13
   437.063 4.212E+13
   437.254 4.132E+13
   437.445 4.026E+13
   437.637 3.920E+13
   437.828 3.782E+13
   438.020 3.656E+13
   438.212 3.563E+13
   438.404 3.529E+13
   438.596 3.553E+13
   438.789 3.649E+13
   438.982 3.777E+13
   439.174 3.909E+13
   439.367 4.017E+13
   439.560 4.061E+13
   439.754 4.058E+13
   439.947 4.005E+13
   440.141 3.933E+13
   440.335 3.884E+13
   440.529 3.866E+13
   440.723 3.910E+13
   440.917 3.991E+13
   441.112 4.104E+13
   441.306 4.224E+13
   441.501 4.325E+13
   441.696 4.407E+13
   441.891 4.456E+13
   442.087 4.478E+13
   442.282 4.478E+13
   442.478 4.458E+13
   442.674 4.462E+13
   442.870 4.424E+13
   443.066 4.385E+13
   443.262 4.361E+13
   443.459 4.360E+13
   443.656 4.376E+13
   443.853 4.413E+13
   444.050 4.456E+13
   444.247 4.484E+13
   444.444 4.493E+13
   444.642 4.464E+13
   444.840 4.407E+13
   445.038 4.333E+13
   445.236 4.257E+13
   445.434 4.198E+13
   445.633 4.160E+13
   445.831 4.155E+13
   446.030 4.179E+13
   446.229 4.235E+13
   446.429 4.309E+13
   446.628 4.407E+13
   446.828 4.508E+13
   447.027 4.609E+13
   447.227 4.692E+13
   447.427 4.737E+13
   447.628 4.678E+13
   447.828 4.649E+13
   448.029 4.599E+13
   448.230 4.540E+13
   448.430 4.490E+13
   448.632 4.465E+13
   448.833 4.463E+13
   449.035 4.487E+13
   449.236 4.530E+13
   449.438 4.584E+13
   449.640 4.645E+13
   449.843 4.708E+13
   450.045 4.767E+13
   450.248 4.821E+13
   450.450 4.862E+13
   450.653 4.889E+13
   450.857 4.901E+13
   451.060 4.891E+13
   451.264 4.862E+13
   451.467 4.809E+13
   451.671 4.739E+13
   451.875 4.655E+13
   452.080 4.570E+13
   452.284 4.499E+13
   452.489 4.449E+13
   452.694 4.431E+13
   452.899 4.435E+13
   453.104 4.455E+13
   453.309 4.485E+13
   453.515 4.507E+13
   453.721 4.523E+13
   453.926 4.529E+13
   454.133 4.532E+13
   454.339 4.538E+13
   454.545 4.549E+13
   454.752 4.570E+13
   454.959 4.597E+13
   455.166 4.627E+13
   455.373 4.659E+13
   455.581 4.686E+13
   455.789 4.711E+13
   455.996 4.731E+13
   456.204 4.752E+13
   456.413 4.779E+13
   456.621 4.805E+13
   456.830 4.834E+13
   457.038 4.855E+13
   457.247 4.862E+13
   457.457 4.848E+13
   457.666 4.991E+13
   457.875 4.931E+13
   458.085 4.864E+13
   458.295 4.799E+13
   458.505 4.762E+13
   458.716 4.744E+13
   458.926 4.755E+13
   459.137 4.783E+13
   459.348 4.817E+13
   459.559 4.854E+13
   459.770 4.879E+13
   459.982 4.900E+13
   460.193 4.916E+13
   460.405 4.926E+13
   460.617 4.930E+13
   460.829 4.937E+13
   461.042 4.944E+13
   461.255 4.956E+13
   461.467 4.974E+13
   461.681 5.000E+13
   461.894 5.032E+13
   462.107 5.062E+13
   462.321 5.083E+13
   462.535 4.981E+13
   462.749 4.974E+13
   462.963 4.953E+13
   463.177 4.916E+13
   463.392 4.874E+13
   463.607 4.822E+13
   463.822 4.775E+13
   464.037 4.738E+13
   464.253 4.714E+13
   464.468 4.721E+13
   464.684 4.747E+13
   464.900 4.793E+13
   465.116 4.838E+13
   465.333 4.859E+13
   465.549 4.854E+13
   465.766 4.805E+13
   465.983 4.739E+13
   466.200 4.673E+13
   466.418 4.624E+13
   466.636 4.626E+13
   466.853 4.656E+13
   467.071 4.715E+13
   467.290 4.776E+13
   467.508 4.738E+13
   467.727 4.761E+13
   467.946 4.754E+13
   468.165 4.738E+13
   468.384 4.726E+13
   468.604 4.718E+13
   468.823 4.725E+13
   469.043 4.732E+13
   469.263 4.727E+13
   469.484 4.706E+13
   469.704 4.649E+13
   469.925 4.583E+13
   470.146 4.519E+13
   470.367 4.478E+13
   470.588 4.485E+13
   470.810 4.527E+13
   471.032 4.608E+13
   471.254 4.700E+13
   471.476 4.778E+13
   471.698 4.842E+13
   471.921 4.875E+13
   472.144 4.885E+13
   472.367 4.873E+13
   472.590 4.937E+13
   472.813 4.906E+13
   473.037 4.875E+13
   473.261 4.856E+13
   473.485 4.851E+13
   473.709 4.870E+13
   473.934 4.901E+13
   474.158 4.941E+13
   474.383 4.977E+13
   474.608 4.999E+13
   474.834 5.003E+13
   475.059 4.991E+13
   475.285 4.960E+13
   475.511 4.917E+13
   475.737 4.869E+13
   475.964 4.824E+13
   476.190 4.792E+13
   476.417 4.799E+13
   476.644 4.835E+13
   476.872 4.905E+13
   477.099 4.982E+13
   477.327 5.039E+13
   477.555 4.965E+13
   477.783 4.948E+13
   478.011 4.912E+13
   478.240 4.871E+13
   478.469 4.844E+13
   478.698 4.859E+13
   478.927 4.892E+13
   479.157 4.940E+13
   479.386 4.979E+13
   479.616 4.989E+13
   479.846 4.979E+13
   480.077 4.952E+13
   480.307 4.928E+13
   480.538 4.930E+13
   480.769 4.947E+13
   481.000 4.986E+13
   481.232 5.025E+13
   481.464 5.039E+13
   481.696 5.037E+13
   481.928 5.005E+13
   482.160 4.964E+13
   482.393 4.928E+13
   482.625 5.008E+13
   482.859 5.000E+13
   483.092 5.003E+13
   483.325 5.005E+13
   483.559 5.008E+13
   483.793 4.993E+13
   484.027 4.971E+13
   484.262 4.939E+13
   484.496 4.898E+13
   484.731 4.851E+13
   484.966 4.788E+13
   485.201 4.702E+13
   485.437 4.595E+13
   485.673 4.453E+13
   485.909 4.310E+13
   486.145 4.190E+13
   486.381 4.114E+13
   486.618 4.128E+13
   486.855 4.204E+13
   487.092 4.333E+13
   487.329 4.482E+13
   487.567 4.477E+13
   487.805 4.573E+13
   488.043 4.627E+13
   488.281 4.661E+13
   488.520 4.683E+13
   488.759 4.702E+13
   488.998 4.729E+13
   489.237 4.761E+13
   489.476 4.803E+13
   489.716 4.847E+13
   489.956 4.891E+13
   490.196 4.921E+13
   490.436 4.916E+13
   490.677 4.886E+13
   490.918 4.824E+13
   491.159 4.753E+13
   491.400 4.698E+13
   491.642 4.661E+13
   491.884 4.656E+13
   492.126 4.663E+13
   492.368 4.663E+13
   492.611 4.831E+13
   492.854 4.811E+13
   493.097 4.799E+13
   493.340 4.826E+13
   493.583 4.883E+13
   493.827 4.995E+13
   494.071 5.112E+13
   494.315 5.196E+13
   494.560 5.236E+13
   494.805 5.189E+13
   495.050 5.107E+13
   495.295 5.025E+13
   495.540 4.965E+13
   495.786 4.977E+13
   496.032 5.027E+13
   496.278 5.104E+13
   496.524 5.182E+13
   496.771 5.237E+13
   497.018 5.260E+13
   497.265 5.237E+13
   497.512 5.082E+13
   497.760 4.982E+13
   498.008 4.874E+13
   498.256 4.796E+13
   498.504 4.753E+13
   498.753 4.788E+13
   499.002 4.856E+13
   499.251 4.926E+13
   499.501 4.977E+13
   499.750 4.959E+13
   500.000 4.904E+13
   500.250 4.820E+13
   500.501 4.732E+13
   500.751 4.669E+13
   501.002 4.626E+13
   501.253 4.616E+13
   501.505 4.628E+13
   501.756 4.663E+13
   502.008 4.716E+13
   502.260 4.777E+13
   502.513 4.701E+13
   502.765 4.756E+13
   503.018 4.796E+13
   503.271 4.809E+13
   503.525 4.796E+13
   503.778 4.753E+13
   504.032 4.705E+13
   504.286 4.677E+13
   504.541 4.679E+13
   504.796 4.742E+13
   505.051 4.826E+13
   505.306 4.910E+13
   505.561 4.976E+13
   505.817 4.991E+13
   506.073 4.978E+13
   506.329 4.943E+13
   506.586 4.894E+13
   506.842 4.851E+13
   507.099 4.812E+13
   507.357 4.792E+13
   507.614 4.945E+13
   507.872 4.950E+13
   508.130 4.963E+13
   508.388 4.976E+13
   508.647 4.986E+13
   508.906 4.988E+13
   509.165 4.988E+13
   509.424 4.988E+13
   509.684 4.993E+13
   509.944 5.006E+13
   510.204 5.032E+13
   510.465 5.078E+13
   510.725 5.127E+13
   510.986 5.176E+13
   511.247 5.207E+13
   511.509 5.189E+13
   511.771 5.138E+13
   512.033 5.050E+13
   512.295 4.957E+13
   512.558 4.720E+13
   512.821 4.683E+13
   513.084 4.683E+13
   513.347 4.696E+13
   513.611 4.701E+13
   513.875 4.711E+13
   514.139 4.721E+13
   514.403 4.742E+13
   514.668 4.791E+13
   514.933 4.832E+13
   515.198 4.843E+13
   515.464 4.806E+13
   515.730 4.676E+13
   515.996 4.515E+13
   516.262 4.367E+13
   516.529 4.260E+13
   516.796 4.259E+13
   517.063 4.298E+13
   517.331 4.337E+13
   517.598 4.396E+13
   517.866 4.346E+13
   518.135 4.291E+13
   518.403 4.283E+13
   518.672 4.316E+13
   518.941 4.434E+13
   519.211 4.569E+13
   519.481 4.668E+13
   519.751 4.734E+13
   520.021 4.739E+13
   520.291 4.733E+13
   520.562 4.759E+13
   520.833 4.801E+13
   521.105 4.861E+13
   521.376 4.909E+13
   521.648 4.895E+13
   521.921 4.853E+13
   522.193 4.793E+13
   522.466 4.745E+13
   522.739 4.795E+13
   523.013 4.834E+13
   523.286 4.900E+13
   523.560 4.971E+13
   523.834 5.029E+13
   524.109 5.079E+13
   524.384 5.127E+13
   524.659 5.161E+13
   524.934 5.180E+13
   525.210 5.154E+13
   525.486 5.040E+13
   525.762 4.881E+13
   526.039 4.680E+13
   526.316 4.510E+13
   526.593 4.462E+13
   526.870 4.496E+13
   527.148 4.621E+13
   527.426 4.772E+13
   527.704 4.864E+13
   527.983 4.944E+13
   528.262 4.984E+13
   528.541 5.005E+13
   528.821 5.024E+13
   529.101 5.040E+13
   529.381 5.059E+13
   529.661 5.077E+13
   529.942 5.101E+13
   530.223 5.131E+13
   530.504 5.179E+13
   530.786 5.222E+13
   531.067 5.243E+13
   531.350 5.222E+13
   531.632 5.107E+13
   531.915 4.965E+13
   532.198 4.828E+13
   532.481 4.748E+13
   532.765 4.892E+13
   533.049 5.002E+13
   533.333 5.107E+13
   533.618 5.180E+13
   533.903 5.145E+13
   534.188 5.091E+13
   534.474 5.094E+13
   534.759 5.131E+13
   535.045 5.239E+13
   535.332 5.342E+13
   535.619 5.353E+13
   535.906 5.315E+13
   536.193 5.218E+13
   536.481 5.121E+13
   536.769 5.080E+13
   537.057 5.075E+13
   537.346 5.108E+13
   537.634 5.108E+13
   537.924 5.137E+13
   538.213 5.156E+13
   538.503 5.148E+13
   538.793 5.121E+13
   539.084 5.070E+13
   539.374 5.005E+13
   539.665 4.923E+13
   539.957 4.858E+13
   540.249 4.828E+13
   540.541 4.841E+13
   540.833 4.923E+13
   541.126 5.015E+13
   541.419 5.075E+13
   541.712 5.103E+13
   542.005 5.065E+13
   542.299 5.018E+13
   542.594 4.920E+13
   542.888 4.936E+13
   543.183 4.983E+13
   543.478 5.035E+13
   543.774 5.056E+13
   544.070 5.065E+13
   544.366 5.065E+13
   544.662 5.067E+13
   544.959 5.089E+13
   545.256 5.109E+13
   545.554 5.122E+13
   545.852 5.125E+13
   546.150 5.109E+13
   546.448 5.079E+13
   546.747 5.040E+13
   547.046 5.001E+13
   547.345 4.977E+13
   547.645 4.808E+13
   547.945 4.825E+13
   548.246 4.855E+13
   548.546 4.896E+13
   548.847 4.938E+13
   549.149 4.965E+13
   549.451 4.982E+13
   549.753 4.968E+13
   550.055 4.946E+13
   550.358 4.926E+13
   550.661 4.915E+13
   550.964 4.924E+13
   551.268 4.935E+13
   551.572 4.929E+13
   551.876 4.918E+13
   552.181 4.901E+13
   552.486 4.890E+13
   552.792 5.087E+13
   553.097 5.118E+13
   553.403 5.152E+13
   553.710 5.185E+13
   554.017 5.205E+13
   554.324 5.219E+13
   554.631 5.238E+13
   554.939 5.247E+13
   555.247 5.239E+13
   555.556 5.211E+13
   555.864 5.149E+13
   556.174 5.088E+13
   556.483 5.057E+13
   556.793 5.049E+13
   557.103 5.074E+13
   557.414 5.093E+13
   557.724 4.978E+13
   558.036 4.942E+13
   558.347 4.897E+13
   558.659 4.866E+13
   558.972 4.871E+13
   559.284 4.902E+13
   559.597 4.944E+13
   559.910 4.987E+13
   560.224 5.015E+13
   560.538 5.029E+13
   560.853 5.023E+13
   561.167 5.009E+13
   561.482 5.006E+13
   561.798 5.015E+13
   562.114 5.040E+13
   562.430 5.068E+13
   562.746 5.372E+13
   563.063 5.389E+13
   563.380 5.400E+13
   563.698 5.406E+13
   564.016 5.406E+13
   564.334 5.398E+13
   564.653 5.361E+13
   564.972 5.316E+13
   565.291 5.274E+13
   565.611 5.248E+13
   565.931 5.260E+13
   566.251 5.297E+13
   566.572 5.365E+13
   566.893 5.434E+13
   567.215 5.477E+13
   567.537 5.066E+13
   567.859 5.009E+13
   568.182 4.943E+13
   568.505 4.926E+13
   568.828 4.934E+13
   569.152 4.977E+13
   569.476 5.006E+13
   569.801 4.954E+13
   570.125 4.882E+13
   570.451 4.825E+13
   570.776 4.799E+13
   571.102 4.848E+13
   571.429 4.925E+13
   571.755 5.011E+13
   572.082 5.089E+13
   572.410 5.132E+13
   572.738 5.453E+13
   573.066 5.444E+13
   573.395 5.427E+13
   573.723 5.422E+13
   574.053 5.413E+13
   574.383 5.399E+13
   574.713 5.379E+13
   575.043 5.347E+13
   575.374 5.318E+13
   575.705 5.313E+13
   576.037 5.322E+13
   576.369 5.351E+13
   576.701 5.383E+13
   577.034 5.401E+13
   577.367 5.398E+13
   577.701 5.270E+13
   578.035 5.209E+13
   578.369 5.163E+13
   578.704 5.142E+13
   579.039 5.180E+13
   579.374 5.233E+13
   579.710 5.271E+13
   580.046 5.294E+13
   580.383 5.303E+13
   580.720 5.309E+13
   581.058 5.327E+13
   581.395 5.348E+13
   581.734 5.377E+13
   582.072 5.401E+13
   582.411 5.410E+13
   582.751 5.703E+13
   583.090 5.692E+13
   583.431 5.684E+13
   583.771 5.696E+13
   584.112 5.699E+13
   584.454 5.670E+13
   584.795 5.623E+13
   585.138 5.556E+13
   585.480 5.500E+13
   585.823 5.515E+13
   586.166 5.557E+13
   586.510 5.616E+13
   586.854 5.667E+13
   587.199 5.688E+13
   587.544 5.239E+13
   587.889 5.177E+13
   588.235 5.073E+13
   588.582 4.901E+13
   588.928 4.738E+13
   589.275 4.658E+13
   589.623 4.666E+13
   589.971 4.844E+13
   590.319 5.046E+13
   590.667 5.145E+13
   591.017 5.186E+13
   591.366 5.157E+13
   591.716 5.118E+13
   592.066 5.139E+13
   592.417 5.166E+13
   592.768 5.452E+13
   593.120 5.453E+13
   593.472 5.432E+13
   593.824 5.405E+13
   594.177 5.385E+13
   594.530 5.373E+13
   594.884 5.376E+13
   595.238 5.391E+13
   595.593 5.418E+13
   595.948 5.446E+13
   596.303 5.467E+13
   596.659 5.476E+13
   597.015 5.458E+13
   597.372 5.428E+13
   597.729 5.254E+13
   598.086 5.227E+13
   598.444 5.224E+13
   598.802 5.233E+13
   599.161 5.252E+13
   599.520 5.261E+13
   599.880 5.240E+13
   600.240 5.216E+13
   600.601 5.210E+13
   600.962 5.207E+13
   601.323 5.201E+13
   601.685 5.192E+13
   602.047 5.162E+13
   602.410 5.147E+13
   602.773 5.526E+13
   603.136 5.593E+13
   603.500 5.648E+13
   603.865 5.685E+13
   604.230 5.676E+13
   604.595 5.649E+13
   604.961 5.635E+13
   605.327 5.623E+13
   605.694 5.620E+13
   606.061 5.617E+13
   606.428 5.621E+13
   606.796 5.621E+13
   607.165 5.621E+13
   607.533 5.157E+13
   607.903 5.145E+13
   608.273 5.133E+13
   608.643 5.136E+13
   609.013 5.139E+13
   609.385 5.123E+13
   609.756 5.099E+13
   610.128 5.062E+13
   610.501 5.041E+13
   610.874 5.078E+13
   611.247 5.121E+13
   611.621 5.127E+13
   611.995 5.112E+13
   612.370 5.062E+13
   612.745 5.275E+13
   613.121 5.257E+13
   613.497 5.254E+13
   613.874 5.282E+13
   614.251 5.319E+13
   614.628 5.363E+13
   615.006 5.384E+13
   615.385 5.335E+13
   615.764 5.255E+13
   616.143 5.155E+13
   616.523 5.090E+13
   616.903 5.159E+13
   617.284 5.268E+13
   617.665 5.336E+13
   618.047 5.402E+13
   618.429 5.399E+13
   618.812 5.377E+13
   619.195 5.368E+13
   619.579 5.371E+13
   619.963 5.406E+13
   620.347 5.428E+13
   620.732 5.403E+13
   621.118 5.369E+13
   621.504 5.354E+13
   621.891 5.351E+13
   622.278 5.367E+13
   622.665 5.216E+13
   623.053 5.173E+13
   623.441 5.122E+13
   623.830 5.100E+13
   624.220 5.085E+13
   624.610 5.053E+13
   625.000 5.035E+13
   625.391 5.044E+13
   625.782 5.072E+13
   626.174 5.148E+13
   626.566 5.221E+13
   626.959 5.240E+13
   627.353 5.243E+13
   627.746 5.588E+13
   628.141 5.585E+13
   628.536 5.579E+13
   628.931 5.570E+13
   629.327 5.545E+13
   629.723 5.513E+13
   630.120 5.482E+13
   630.517 5.454E+13
   630.915 5.435E+13
   631.313 5.425E+13
   631.712 5.432E+13
   632.111 5.442E+13
   632.511 4.945E+13
   632.911 4.964E+13
   633.312 4.977E+13
   633.714 4.987E+13
   634.115 4.993E+13
   634.518 4.996E+13
   634.921 4.999E+13
   635.324 4.999E+13
   635.728 5.003E+13
   636.132 5.006E+13
   636.537 5.009E+13
   636.943 5.012E+13
   637.349 5.018E+13
   637.755 5.404E+13
   638.162 5.407E+13
   638.570 5.404E+13
   638.978 5.395E+13
   639.386 5.379E+13
   639.795 5.357E+13
   640.205 5.334E+13
   640.615 5.312E+13
   641.026 5.299E+13
   641.437 5.296E+13
   641.849 5.299E+13
   642.261 5.309E+13
   642.674 5.187E+13
   643.087 5.200E+13
   643.501 5.213E+13
   643.915 5.223E+13
   644.330 5.229E+13
   644.745 5.233E+13
   645.161 5.233E+13
   645.578 5.230E+13
   645.995 5.220E+13
   646.412 5.204E+13
   646.831 5.181E+13
   647.249 5.149E+13
   647.668 4.995E+13
   648.088 4.963E+13
   648.508 4.937E+13
   648.929 4.933E+13
   649.351 4.946E+13
   649.773 4.979E+13
   650.195 5.021E+13
   650.618 5.061E+13
   651.042 5.094E+13
   651.466 5.110E+13
   651.890 5.113E+13
   652.316 5.110E+13
   652.742 5.133E+13
   653.168 5.123E+13
   653.595 5.104E+13
   654.022 5.074E+13
   654.450 5.021E+13
   654.879 4.936E+13
   655.308 4.827E+13
   655.738 4.698E+13
   656.168 4.579E+13
   656.599 4.502E+13
   657.030 4.479E+13
   657.462 4.541E+13
   657.895 4.985E+13
   658.328 5.124E+13
   658.762 5.267E+13
   659.196 5.366E+13
   659.631 5.433E+13
   660.066 5.453E+13
   660.502 5.454E+13
   660.939 5.440E+13
   661.376 5.421E+13
   661.813 5.408E+13
   662.252 5.398E+13
   662.691 5.361E+13
   663.130 5.365E+13
   663.570 5.375E+13
   664.011 5.386E+13
   664.452 5.389E+13
   664.894 5.393E+13
   665.336 5.376E+13
   665.779 5.363E+13
   666.223 5.343E+13
   666.667 5.330E+13
   667.111 5.330E+13
   667.557 4.850E+13
   668.003 4.863E+13
   668.449 4.876E+13
   668.896 4.880E+13
   669.344 4.876E+13
   669.792 4.856E+13
   670.241 4.839E+13
   670.691 4.818E+13
   671.141 4.805E+13
   671.592 4.808E+13
   672.043 4.815E+13
   672.495 4.825E+13
   672.948 5.756E+13
   673.401 5.757E+13
   673.854 5.757E+13
   674.309 5.751E+13
   674.764 5.745E+13
   675.219 5.742E+13
   675.676 5.739E+13
   676.133 5.739E+13
   676.590 5.743E+13
   677.048 5.744E+13
   677.507 5.168E+13
   677.966 5.164E+13
   678.426 5.157E+13
   678.887 5.154E+13
   679.348 5.151E+13
   679.810 5.147E+13
   680.272 5.148E+13
   680.735 5.148E+13
   681.199 5.144E+13
   681.663 5.141E+13
   682.128 5.138E+13
   682.594 5.021E+13
   683.060 5.007E+13
   683.527 4.986E+13
   683.995 4.969E+13
   684.463 4.955E+13
   684.932 4.945E+13
   685.401 4.948E+13
   685.871 4.959E+13
   686.342 4.976E+13
   686.813 4.990E+13
   687.285 5.000E+13
   687.758 5.315E+13
   688.231 5.315E+13
   688.705 5.308E+13
   689.180 5.298E+13
   689.655 5.291E+13
   690.131 5.285E+13
   690.608 5.278E+13
   691.085 5.275E+13
   691.563 5.275E+13
   692.042 5.282E+13
   692.521 4.926E+13
   693.001 4.930E+13
   693.481 4.930E+13
   693.963 4.926E+13
   694.444 4.916E+13
   694.927 4.902E+13
   695.410 4.884E+13
   695.894 4.866E+13
   696.379 4.856E+13
   696.864 4.852E+13
   697.350 4.855E+13
   697.837 5.309E+13
   698.324 5.323E+13
   698.812 5.327E+13
   699.301 5.316E+13
   699.790 5.288E+13
   700.280 5.257E+13
   700.771 5.229E+13
   701.262 5.204E+13
   701.754 5.197E+13
   702.247 5.204E+13
   702.741 4.985E+13
   703.235 5.010E+13
   703.730 5.038E+13
   704.225 5.070E+13
   704.722 5.091E+13
   705.219 5.102E+13
   705.716 5.102E+13
   706.215 5.091E+13
   706.714 5.077E+13
   707.214 5.059E+13
   707.714 4.992E+13
   708.215 4.977E+13
   708.717 4.974E+13
   709.220 4.970E+13
   709.723 4.974E+13
   710.227 4.981E+13
   710.732 4.984E+13
   711.238 4.984E+13
   711.744 4.977E+13
   712.251 4.970E+13
   712.758 4.877E+13
   713.267 4.869E+13
   713.776 4.866E+13
   714.286 4.862E+13
   714.796 4.862E+13
   715.308 4.858E+13
   715.820 4.851E+13
   716.332 4.843E+13
   716.846 4.829E+13
   717.360 4.811E+13
   717.875 5.266E+13
   718.391 5.244E+13
   718.907 5.230E+13
   719.424 5.223E+13
   719.942 5.223E+13
   720.461 5.234E+13
   720.981 5.249E+13
   721.501 5.263E+13
   722.022 5.285E+13
   722.543 4.703E+13
   723.066 4.721E+13
   723.589 4.736E+13
   724.113 4.747E+13
   724.638 4.746E+13
   725.163 4.739E+13
   725.689 4.724E+13
   726.216 4.709E+13
   726.744 4.691E+13
   727.273 4.672E+13
   727.802 5.089E+13
   728.332 5.086E+13
   728.863 5.086E+13
   729.395 5.097E+13
   729.927 5.104E+13
   730.460 5.115E+13
   730.994 5.123E+13
   731.529 5.123E+13
   732.064 5.119E+13
   732.601 4.533E+13
   733.138 4.525E+13
   733.676 4.521E+13
   734.214 4.513E+13
   734.754 4.513E+13
   735.294 4.513E+13
   735.835 4.516E+13
   736.377 4.519E+13
   736.920 4.511E+13
   737.463 4.500E+13
   738.007 4.908E+13
   738.552 4.882E+13
   739.098 4.848E+13
   739.645 4.822E+13
   740.192 4.803E+13
   740.741 4.796E+13
   741.290 4.814E+13
   741.840 4.840E+13
   742.391 4.874E+13
   742.942 4.791E+13
   743.494 4.799E+13
   744.048 4.799E+13
   744.602 4.795E+13
   745.156 4.791E+13
   745.712 4.794E+13
   746.269 4.802E+13
   746.826 4.809E+13
   747.384 4.809E+13
   747.943 4.786E+13
   748.503 4.774E+13
   749.064 4.763E+13
   749.625 4.755E+13
   750.188 4.747E+13
   750.751 4.747E+13
   751.315 4.747E+13
   751.880 4.747E+13
   752.445 4.747E+13
   753.012 5.266E+13
   753.580 5.266E+13
   754.148 5.266E+13
   754.717 5.266E+13
   755.287 5.263E+13
   755.858 5.259E+13
   756.430 5.252E+13
   757.002 5.248E+13
   757.576 4.581E+13
   758.150 4.576E+13
   758.725 4.572E+13
   759.301 4.568E+13
   759.878 4.568E+13
   760.456 4.567E+13
   761.035 4.571E+13
   761.615 4.578E+13
   762.195 4.586E+13
   762.777 4.508E+13
   763.359 4.516E+13
   763.942 4.523E+13
   764.526 4.515E+13
   765.111 4.480E+13
   765.697 4.433E+13
   766.284 4.379E+13
   766.871 4.336E+13
   767.460 4.331E+13
   768.049 4.822E+13
   768.640 4.849E+13
   769.231 4.876E+13
   769.823 4.887E+13
   770.416 4.891E+13
   771.010 4.899E+13
   771.605 4.906E+13
   772.201 4.914E+13
   772.798 4.817E+13
   773.395 4.805E+13
   773.994 4.789E+13
   774.593 4.773E+13
   775.194 4.761E+13
   775.795 4.773E+13
   776.398 4.784E+13
   777.001 4.792E+13
   777.605 4.267E+13
   778.210 4.259E+13
   778.816 4.250E+13
   779.423 4.250E+13
   780.031 4.257E+13
   780.640 4.256E+13
   781.250 4.256E+13
   781.861 4.247E+13
   782.473 4.239E+13
   783.085 4.723E+13
   783.699 4.727E+13
   784.314 4.734E+13
   784.929 4.742E+13
   785.546 4.746E+13
   786.164 4.750E+13
   786.782 4.749E+13
   787.402 4.749E+13
   788.022 4.622E+13
   788.644 4.622E+13
   789.266 4.613E+13
   789.889 4.601E+13
   790.514 4.581E+13
   791.139 4.565E+13
   791.766 4.548E+13
   792.393 4.536E+13
   793.021 4.512E+13
   793.651 4.499E+13
   794.281 4.491E+13
   794.913 4.494E+13
   795.545 4.518E+13
   796.178 4.545E+13
   796.813 4.557E+13
   797.448 4.561E+13
   798.085 5.071E+13
   798.722 5.051E+13
   799.361 5.051E+13
   800.000 5.055E+13
   800.641 5.071E+13
   801.282 5.079E+13
   801.925 5.071E+13
   802.568 4.416E+13
   803.213 4.396E+13
   803.859 4.375E+13
   804.505 4.366E+13
   805.153 4.362E+13
   805.802 4.373E+13
   806.452 4.385E+13
   807.103 4.372E+13
   807.754 4.181E+13
   808.407 4.155E+13
   809.062 4.138E+13
   809.717 4.154E+13
   810.373 4.178E+13
   811.030 4.206E+13
   811.688 4.229E+13
   812.348 4.233E+13
   813.008 4.793E+13
   813.670 4.785E+13
   814.332 4.776E+13
   814.996 4.780E+13
   815.661 4.780E+13
   816.327 4.776E+13
   816.993 4.759E+13
   817.662 4.090E+13
   818.331 4.040E+13
   819.001 4.019E+13
   819.672 4.014E+13
   820.345 4.038E+13
   821.018 4.067E+13
   821.693 4.070E+13
   822.368 4.070E+13
   823.045 4.595E+13
   823.723 4.595E+13
   824.402 4.603E+13
   825.083 4.611E+13
   825.764 4.619E+13
   826.446 4.623E+13
   827.130 4.622E+13
   827.815 4.464E+13
   828.500 4.463E+13
   829.187 4.463E+13
   829.876 4.466E+13
   830.565 4.457E+13
   831.255 4.424E+13
   831.947 4.381E+13
   832.639 4.347E+13
   833.333 4.330E+13
   834.028 4.354E+13
   834.725 4.387E+13
   835.422 4.408E+13
   836.120 4.420E+13
   836.820 4.415E+13
   837.521 3.789E+13
   838.223 3.776E+13
   838.926 3.771E+13
   839.631 3.779E+13
   840.336 3.783E+13
   841.043 3.778E+13
   841.751 3.769E+13
   842.460 3.747E+13
   843.170 4.181E+13
   843.882 4.184E+13
   844.595 4.196E+13
   845.309 4.213E+13
   846.024 4.217E+13
   846.740 4.178E+13
   847.458 4.122E+13
   848.176 4.821E+13
   848.896 4.765E+13
   849.618 4.782E+13
   850.340 4.820E+13
   851.064 4.867E+13
   851.789 4.301E+13
   852.515 4.222E+13
