   77 wavelngth bins(nm)  '(i5,2f8.2)'
    1  177.49  178.30
    2  178.30  179.26
    3  179.26  180.38
    4  180.38  181.65
    5  181.65  183.08
    6  183.08  184.65
    7  184.65  186.37
    8  186.37  188.24
    9  188.24  190.25
   10  190.25  192.42
   11  192.42  194.73
   12  194.73  197.20
   13  197.20  198.50
   14  198.50  200.00
   15  200.00  202.50
   16  202.50  204.00
   17  204.00  206.50
   18  206.50  209.50
   19  209.50  212.50
   20  212.50  215.50
   21  215.50  218.50
   22  218.50  221.50
   23  221.50  225.00
   24  225.00  229.00
   25  229.00  233.00
   26  233.00  237.50
   27  237.50  242.50
   28  242.50  248.00
   29  248.00  254.00
   30  254.00  260.00
   31  260.00  265.50
   32  265.50  270.50
   33  270.50  275.50
   34  275.50  280.00
   35  280.00  283.50
   36  283.50  286.50
   37  286.50  289.00
   38  289.00  291.00
   39  291.00  293.00
   40  293.00  295.00
   41  295.00  296.75
   42  296.75  298.25
   43  298.25  299.55
   44  299.55  300.50
   45  300.50  301.50
   46  301.50  302.50
   47  302.50  303.50
   48  303.50  304.50
   49  304.50  305.50
   50  305.50  306.50
   51  306.50  307.45
   52  307.45  308.50
   53  308.50  309.45
   54  309.45  310.50
   55  310.50  311.50
   56  311.50  312.45
   57  312.45  313.50
   58  313.50  314.50
   59  314.50  315.70
   60  315.70  317.20
   61  317.20  318.70
   62  318.70  320.30
   63  320.30  322.50
   64  322.50  326.95
   65  326.95  334.95
   66  334.95  345.00
   67  345.00  355.05
   68  355.05  365.03
   69  365.03  375.00
   70  375.00  389.95
   71  389.95  412.45
   72  412.45  437.55
   73  437.55  485.10
   74  485.10  560.10
   75  560.10  635.10
   76  635.10  760.20
   77  760.20  850.00
   78  850.00        
JX wavelength bin assignments JX bin#, std bin(%)  '(i2,15f5.1)'                                            
SR: 14   13   12   11   10    9    8    7    6    5    4    3    2    1    0
 1 .241 .511 .398 .321 .204 .553 .488 .304 .157 .164 .148 .076
 2 .                   .153 .191 .336 .243 .368 .299 .333 .191 .098
 3 .                                  .224 .427 .287 .281 .210 .198 .102 .047
 4 .                                            .    .238 .247 .198 .142
 5 .                                            .         .276 .506 .756 .953
 6 .                                            .
 7 .                                            .
 8 .                                            .157
JX wavelength bin assignments std bin#, JX bin# '(2i5)'                                            
   16   5 
   17   5 
   18   6 
   19   7 
   20   8 
   21  11 
   22  11 
   23  10 
   24  10 
   25  10 
   26   9 
   27   9 
   28   9 
   29   9 
   30   9 
   31   9 
   32   9 
   33   9 
   34  10 
   35  10 
   36  10 
   37  11 
   38  11 
   39  12 
   40  12 
   41  12 
   42  12 
   43  13 
   44  13 
   45  13 
   46  13 
   47  13 
   48  13 
   49  13 
   50  13 
   51  13 
   52  14 
   53  14 
   54  14 
   55  14 
   56  14 
   57  15 
   58  15 
   59  15 
   60  15 
   61  15 
   62  15 
   63  16 
   64  16 
   65  16 
   66  16 
   67  17 
   68  17 
   69  17 
   70  17 
   71  17 
   72  18 
   73  18 
   74  18 
   75  18 
   76  18 
   77  18 

