ALD2_R_IUPAC13
! j(ALD2_R) IUPAC(2013) CH3CHO                                     
! ALD2 = MEO2 + RO2 + CO + HO2                                     
! From IUPAC Subcommittee on Gas Kinetic Data Evaluation           
! Data Sheet P2, updated June, 2013
! Lumps channela 2 and 3 in data sheet                            
!These are point values                                            
POINT
!WL(nm) XSEC(cm2) QY
FAC=1.0
202.0 5.600E-22 0.420
206.0 5.300E-22 0.420
210.0 4.900E-22 0.420
214.0 4.800E-22 0.420
218.0 5.200E-22 0.420
222.0 6.500E-22 0.420
226.0 9.600E-22 0.420
230.0 1.510E-21 0.420
234.0 2.410E-21 0.420
238.0 3.750E-21 0.420
242.0 5.640E-21 0.420
246.0 8.180E-21 0.420
250.0 1.128E-20 0.420
254.0 1.524E-20 0.420
258.0 1.994E-20 0.420
262.0 2.440E-20 0.432
266.0 3.050E-20 0.462
270.0 3.420E-20 0.510
274.0 4.030E-20 0.582
278.0 4.190E-20 0.648
280.0 4.500E-20 0.680
281.0 4.690E-20 0.676
282.0 4.720E-20 0.672
283.0 4.750E-20 0.668
284.0 4.610E-20 0.664
285.0 4.490E-20 0.660
286.0 4.440E-20 0.652
287.0 4.590E-20 0.644
288.0 4.720E-20 0.636
289.0 4.770E-20 0.628
290.0 4.890E-20 0.620
291.0 4.780E-20 0.610
292.0 4.680E-20 0.600
293.0 4.530E-20 0.590
294.0 4.330E-20 0.580
295.0 4.270E-20 0.570
296.0 4.240E-20 0.556
297.0 4.380E-20 0.542
298.0 4.410E-20 0.528
299.0 4.260E-20 0.514
300.0 4.160E-20 0.500
301.0 3.990E-20 0.484
302.0 3.860E-20 0.468
303.0 3.720E-20 0.452
304.0 3.480E-20 0.436
305.0 3.420E-20 0.420
306.0 3.420E-20 0.400
307.0 3.360E-20 0.380
308.0 3.330E-20 0.360
309.0 3.140E-20 0.340
310.0 2.930E-20 0.320
311.0 2.760E-20 0.296
312.0 2.530E-20 0.272
313.0 2.470E-20 0.248
314.0 2.440E-20 0.224
315.0 2.200E-20 0.200
316.0 2.040E-20 0.180
317.0 2.070E-20 0.160
318.0 1.979E-20 0.140
319.0 1.874E-20 0.120
320.0 1.723E-20 0.100
321.0 1.484E-20 0.088
322.0 1.402E-20 0.076
323.0 1.244E-20 0.064
324.0 1.091E-20 0.052
325.0 1.136E-20 0.040
326.0 1.074E-20 0.034
327.0 8.580E-21 0.028
328.0 7.470E-21 0.022
329.0 7.070E-21 0.016
330.0 6.880E-21 0.010
331.0 5.880E-21 0.008
332.0 5.300E-21 0.006
333.0 3.980E-21 0.004
334.0 3.630E-21 0.002
335.0 3.500E-21 0.000
336.0 2.380E-21 0.000
337.0 2.220E-21 0.000
338.0 2.050E-21 0.000
339.0 2.190E-21 0.000
340.0 1.500E-21 0.000
341.0 7.400E-22 0.000
342.0 4.200E-22 0.000
343.0 3.100E-22 0.000
344.0 2.600E-22 0.000
345.0 2.100E-22 0.000
346.0 1.900E-22 0.000
347.0 1.500E-22 0.000
348.0 1.600E-22 0.000
349.0 1.000E-22 0.000
350.0 8.000E-23 0.000
351.0 7.000E-23 0.000
352.0 6.000E-23 0.000
353.0 5.000E-23 0.000
354.0 5.000E-23 0.000
355.0 4.000E-23 0.000
356.0 5.000E-23 0.000
357.0 3.000E-23 0.000
358.0 4.000E-23 0.000
359.0 2.000E-23 0.000
360.0 3.000E-23 0.000
361.0 2.000E-23 0.000
362.0 1.000E-23 0.000
