ALD_CBIV88
! Acetaldehyde Photolysis (ALD)
! CH3CHO + hv (+2O2)-> CH3OO + HO2 + CO
! Taken from Gery et al. (1988); Absorption CS and QY from Baulch et al. (1984).
! format:  wl, abs_cs, qy
Centered
! With FAC, units are (cm^2/molecule)
FAC=1.0E-20
 256  1.76  0.300
 258  1.99  0.305
 262  2.44  0.326
 266  3.05  0.358
 270  3.42  0.390
 274  4.03  0.466
 278  4.19  0.542
 280  4.50  0.580
 281  4.54  0.575
 282  4.58  0.570
 283  4.62  0.565
 284  4.66  0.560
 285  4.70  0.555
 286  4.74  0.550
 287  4.78  0.545
 288  4.82  0.540
 289  4.86  0.535
 290  4.90  0.530
 291  4.82  0.520
 292  4.74  0.510
 293  4.66  0.500
 294  4.58  0.490
 295  4.50  0.480
 296  4.46  0.470
 297  4.42  0.460
 298  4.38  0.450
 299  4.34  0.440
 300  4.30  0.430
 301  4.12  0.418
 302  3.94  0.406
 303  3.76  0.394
 304  3.58  0.382
 305  3.40  0.370
 306  3.27  0.350
 307  3.14  0.330
 308  3.01  0.310
 309  2.88  0.290
 310  2.75  0.270
 311  2.62  0.250
 312  2.49  0.230
 313  2.36  0.210
 314  2.23  0.190
 315  2.10  0.170
 316  2.04  0.156
 317  1.98  0.142
 318  1.92  0.128
 319  1.86  0.114
 320  1.80  0.100
 321  1.66  0.088
 322  1.52  0.076
 323  1.38  0.064
 324  1.24  0.052
 325  1.10  0.040
 326  1.18  0.032
 327  0.94  0.024
 328  0.85  0.016
 329  0.77  0.008
 330  0.69  0.000
