ALDX_R_IUPAC13
! j(ALDX_R) IUPAC(2010)
! ALDX = MEO2 + RO2 + CO + HO2
! From IUPAC Subcommittee on Gas Kinetic Data Evaluation
! Data Sheet P24, updated June, 2010
!These are point values
POINTS
!WL(nm) XSEC(cm2) QY
FAC=1.0     
280.0 5.120E-20 0.310
281.0 5.210E-20 0.348
282.0 5.290E-20 0.386
283.0 5.380E-20 0.424
284.0 5.470E-20 0.462
285.0 5.560E-20 0.500
286.0 5.640E-20 0.542
287.0 5.730E-20 0.584
288.0 5.790E-20 0.626
289.0 5.850E-20 0.668
290.0 5.870E-20 0.710
291.0 5.840E-20 0.750
292.0 5.840E-20 0.790
293.0 5.880E-20 0.830
294.0 5.920E-20 0.870
295.0 5.940E-20 0.910
296.0 5.860E-20 0.928
297.0 5.780E-20 0.946
298.0 5.730E-20 0.964
299.0 5.690E-20 0.982
300.0 5.590E-20 1.000
301.0 5.480E-20 1.000
302.0 5.430E-20 1.000
303.0 5.360E-20 1.000
304.0 5.290E-20 1.000
305.0 5.150E-20 1.000
306.0 4.980E-20 1.000
307.0 4.730E-20 1.000
308.0 4.570E-20 1.000
309.0 4.410E-20 1.000
310.0 4.270E-20 1.000
311.0 4.130E-20 1.000
312.0 3.990E-20 1.000
313.0 3.860E-20 1.000
314.0 3.730E-20 1.000
315.0 3.610E-20 1.000
316.0 3.480E-20 1.000
317.0 3.260E-20 1.000
318.0 2.820E-20 1.000
319.0 2.600E-20 1.000
320.0 2.410E-20 1.000
321.0 2.280E-20 1.000
322.0 2.175E-20 1.000
323.0 2.076E-20 1.000
324.0 1.951E-20 1.000
325.0 1.842E-20 1.000
326.0 1.710E-20 0.988
327.0 1.584E-20 0.976
328.0 1.397E-20 0.964
329.0 1.195E-20 0.952
330.0 9.500E-21 0.940
331.0 7.850E-21 0.878
332.0 6.720E-21 0.815
333.0 5.670E-21 0.753
334.0 4.900E-21 0.690
335.0 4.250E-21 0.627
336.0 3.570E-21 0.564
337.0 2.970E-21 0.501
338.0 2.570E-21 0.438
339.0 2.150E-21 0.375
340.0 1.730E-21 0.312
341.0 1.470E-21 0.249
342.0 1.230E-21 0.186
343.0 8.100E-22 0.123
344.0 5.900E-22 0.060
345.0 3.400E-22 0.000
