BALD_RACM2
! BALD + HV = CHO + HO2 + CO 
! Absorption cross sections from SAPRC07                                
! Quantum yields from SAPRC07       
! Supplied by Dr. Wendy Goliff, Reformatted by Dr. Golam Sarwar to make it compatible with CMAQ
Points 
! With FAC, units are (cm^2/molecule)
FAC=1.0
186.1  0.000E+00  0.000
187.8  0.000E+00  0.000
189.6  0.000E+00  0.000
191.4  0.000E+00  0.000
193.3  0.000E+00  0.000
195.2  0.000E+00  0.000
197.1  0.000E+00  0.000
199.0  0.000E+00  0.000
201.0  0.000E+00  0.000
203.1  0.000E+00  0.000
205.2  0.000E+00  0.000
207.3  0.000E+00  0.000
209.4  0.000E+00  0.000
211.7  0.000E+00  0.000
213.9  0.000E+00  0.000
216.2  0.000E+00  0.000
218.6  0.000E+00  0.000
221.0  0.000E+00  0.000
223.5  0.000E+00  0.000
226.0  0.000E+00  0.000
228.6  0.000E+00  0.000
231.3  0.000E+00  0.000
234.0  0.000E+00  0.000
236.7  0.000E+00  0.000
239.6  0.000E+00  0.000
242.5  0.000E+00  0.000
245.4  0.000E+00  0.000
248.5  0.000E+00  0.000
251.6  0.000E+00  0.000
254.8  0.000E+00  0.000
258.2  0.000E+00  0.000
261.5  0.000E+00  0.000
265.0  0.000E+00  0.000
268.5  0.000E+00  0.000
272.2  0.000E+00  0.000
275.9  0.000E+00  0.000
279.8  0.349E-17  0.060
283.7  0.266E-17  0.060
287.8  0.281E-17  0.060
292.0  0.825E-18  0.060
296.3  0.157E-18  0.060
300.5  0.690E-19  0.060
303.0  0.660E-19  0.060
304.0  0.680E-19  0.060
305.0  0.710E-19  0.060
306.0  0.730E-19  0.060
307.0  0.740E-19  0.060
308.0  0.740E-19  0.060
309.0  0.730E-19  0.060
310.0  0.720E-19  0.060
311.0  0.680E-19  0.060
312.0  0.680E-19  0.060
313.0  0.700E-19  0.060
314.0  0.810E-19  0.060
316.0  0.920E-19  0.060
320.0  0.860E-19  0.060
325.0  0.970E-19  0.060
330.0  0.930E-19  0.060
335.0  0.890E-19  0.060
340.0  0.100E-18  0.060
345.0  0.740E-19  0.060
350.0  0.630E-19  0.060
355.0  0.730E-19  0.060
360.0  0.330E-19  0.060
365.0  0.240E-19  0.060
370.0  0.360E-19  0.060
375.0  0.990E-20  0.000
380.0  0.000E+00  0.000
385.0  0.000E+00  0.000
390.0  0.000E+00  0.000
395.0  0.000E+00  0.000
400.0  0.000E+00  0.000
405.0  0.000E+00  0.000
410.0  0.000E+00  0.000
415.0  0.000E+00  0.000
420.0  0.000E+00  0.000
425.0  0.000E+00  0.000
430.0  0.000E+00  0.000
435.0  0.000E+00  0.000
440.0  0.000E+00  0.000
445.0  0.000E+00  0.000
450.0  0.000E+00  0.000
455.0  0.000E+00  0.000
460.0  0.000E+00  0.000
465.0  0.000E+00  0.000
470.0  0.000E+00  0.000
475.0  0.000E+00  0.000
480.0  0.000E+00  0.000
485.0  0.000E+00  0.000
490.0  0.000E+00  0.000
495.0  0.000E+00  0.000
500.0  0.000E+00  0.000
505.0  0.000E+00  0.000
510.0  0.000E+00  0.000
515.0  0.000E+00  0.000
520.0  0.000E+00  0.000
525.0  0.000E+00  0.000
530.0  0.000E+00  0.000
535.0  0.000E+00  0.000
540.0  0.000E+00  0.000
545.0  0.000E+00  0.000
550.0  0.000E+00  0.000
555.0  0.000E+00  0.000
560.0  0.000E+00  0.000
565.0  0.000E+00  0.000
570.0  0.000E+00  0.000
575.0  0.000E+00  0.000
580.0  0.000E+00  0.000
585.0  0.000E+00  0.000
590.0  0.000E+00  0.000
595.0  0.000E+00  0.000
600.0  0.000E+00  0.000
605.0  0.000E+00  0.000
610.0  0.000E+00  0.000
615.0  0.000E+00  0.000
620.0  0.000E+00  0.000
625.0  0.000E+00  0.000
630.0  0.000E+00  0.000
635.0  0.000E+00  0.000
640.0  0.000E+00  0.000
644.8  0.000E+00  0.000
651.0  0.000E+00  0.000
660.0  0.000E+00  0.000
670.0  0.000E+00  0.000
680.0  0.000E+00  0.000
690.0  0.000E+00  0.000
700.0  0.000E+00  0.000
710.0  0.000E+00  0.000
720.0  0.000E+00  0.000
730.0  0.000E+00  0.000