BRCL
! BRCL + HV = BR + CL
! BRCL Photolysis data  
! Supplied by Golam Sarwar 
! Created from IUPAC dataset 19-Mar-2014 11:00
Points (These data can be treated as point values)
! With FAC, units are (cm^2/molecule)
FAC=1.0
200.0 2.950E-20 1.000
210.0 4.270E-20 1.000
220.0 6.310E-20 1.000
230.0 6.610E-20 1.000
240.0 5.620E-20 1.000
250.0 4.070E-20 1.000
260.0 5.500E-20 1.000
270.0 1.290E-20 1.000
280.0 0.660E-20 1.000
290.0 0.390E-20 1.000
300.0 0.560E-20 1.000
310.0 1.510E-20 1.000
320.0 4.070E-20 1.000
330.0 9.120E-20 1.000
340.0 17.00E-20 1.000
350.0 28.18E-20 1.000
360.0 34.67E-20 1.000
370.0 41.69E-20 1.000
380.0 39.81E-20 1.000
390.0 33.88E-20 1.000
400.0 28.18E-20 1.000
410.0 22.39E-20 1.000
420.0 17.78E-20 1.000
430.0 14.45E-20 1.000
440.0 12.59E-20 1.000
450.0 10.72E-20 1.000
460.0 9.330E-20 1.000
470.0 7.940E-20 1.000
480.0 6.310E-20 1.000
490.0 5.010E-20 1.000
500.0 3.390E-20 1.000
510.0 2.630E-20 1.000
520.0 1.660E-20 1.000
530.0 1.100E-20 1.000
540.0 0.660E-20 1.000
550.0 0.410E-20 1.000
560.0 0.250E-20 1.000
570.0 0.144E-20 1.000
580.0 0.832E-20 1.000
590.0 0.048E-20 1.000
600.0 0.025E-20 1.000
