BRCL_IUPAC10
! BRCL + HV = BR + CL
! BRCL Photolysis data  
! Supplied by Golam Sarwar 
! Created from IUPAC dataset PBr3
Points (these data can be treated as point values)
! With FAC, units are (cm^2/molecule)
FAC=1.0
200.0 2.950E-20 1.000
210.0 4.270E-20 1.000
220.0 6.310E-20 1.000
230.0 6.610E-20 1.000
240.0 5.620E-20 1.000
250.0 4.070E-20 1.000
260.0 5.500E-20 1.000
270.0 1.290E-20 1.000
280.0 6.600E-21 1.000
290.0 3.900E-21 1.000
300.0 5.600E-21 1.000
310.0 1.510E-20 1.000
320.0 4.070E-20 1.000
330.0 9.120E-20 1.000
340.0 1.700E-19 1.000
350.0 2.818E-19 1.000
360.0 3.467E-19 1.000
370.0 4.169E-19 1.000
380.0 3.981E-19 1.000
390.0 3.388E-19 1.000
400.0 2.818E-19 1.000
410.0 2.239E-19 1.000
420.0 1.778E-19 1.000
430.0 1.445E-19 1.000
440.0 1.259E-19 1.000
450.0 1.072E-19 1.000
460.0 9.330E-20 1.000
470.0 7.940E-20 1.000
480.0 6.310E-20 1.000
490.0 5.010E-20 1.000
500.0 3.390E-20 1.000
510.0 2.630E-20 1.000
520.0 1.660E-20 1.000
530.0 1.100E-20 1.000
540.0 6.600E-21 1.000
550.0 4.100E-21 1.000
560.0 2.500E-21 1.000
570.0 1.440E-21 1.000
580.0 8.320E-21 1.000
590.0 4.800E-22 1.000
600.0 2.500E-22 1.000
