BRNO2_IUPAC10
! BRNO2 + HV = BR + NO2
! BRNO2 Photolysis data  
! Supplied by Brett Gantt
! Created from IUPAC dataset PBr6
Points (these data can be treated as point values)
! With FAC, units are (cm^2/molecule)
FAC=1.0
185.0 2.048E-17 1.000
190.0 3.601E-17 1.000
195.0 5.013E-17 1.000
200.0 5.386E-17 1.000
205.0 4.499E-17 1.000
210.0 2.521E-17 1.000
215.0 1.170E-17 1.000
220.0 5.540E-18 1.000
225.0 3.730E-18 1.000
230.0 3.430E-18 1.000
235.0 3.620E-18 1.000
240.0 3.870E-18 1.000
245.0 3.900E-18 1.000
250.0 3.630E-18 1.000
255.0 3.100E-18 1.000
260.0 2.510E-18 1.000
265.0 1.970E-18 1.000
270.0 1.540E-18 1.000
275.0 1.160E-18 1.000
280.0 8.800E-19 1.000
285.0 6.300E-19 1.000
290.0 4.400E-19 1.000
295.0 3.000E-19 1.000
300.0 2.000E-19 1.000
305.0 1.500E-19 1.000
310.0 1.100E-19 1.000
315.0 1.100E-19 1.000
320.0 1.000E-19 1.000
325.0 1.200E-19 1.000
330.0 1.300E-19 1.000
335.0 1.400E-19 1.000
340.0 1.600E-19 1.000
345.0 1.500E-19 1.000
350.0 1.600E-19 1.000
355.0 1.600E-19 1.000
360.0 1.800E-19 1.000
365.0 1.900E-19 1.000
370.0 1.700E-19 1.000
375.0 1.800E-19 1.000
380.0 1.700E-19 1.000
385.0 1.700E-19 1.000
390.0 1.600E-19 1.000
395.0 1.500E-19 1.000
400.0 1.400E-19 1.000
405.0 1.400E-19 1.000
410.0 1.300E-19 1.000
415.0 1.200E-19 1.000
420.0 1.100E-19 1.000
425.0 1.000E-19 1.000
430.0 9.000E-20 1.000
435.0 8.000E-20 1.000
440.0 7.000E-20 1.000
445.0 7.000E-20 1.000
450.0 6.000E-20 1.000
