CCHO_R
! CCHO + HV = CH3 + CHO
! SAPRC-99 Photolysis data.  Supplied by William P. L. Carter.
! Created from PhotDat.xls on 29-Jan-2000 10:07
Points (the mechanism was evaluated assuming this format)
! With FAC, units are (cm^2/molecule)
FAC=1.0
256.0 1.759E-20 0.300
258.0 1.994E-20 0.305
262.0 2.440E-20 0.326
266.0 3.050E-20 0.358
270.0 3.420E-20 0.390
274.0 4.030E-20 0.466
278.0 4.190E-20 0.542
280.0 4.500E-20 0.580
281.0 4.690E-20 0.575
282.0 4.720E-20 0.570
283.0 4.750E-20 0.565
284.0 4.610E-20 0.560
285.0 4.490E-20 0.555
286.0 4.440E-20 0.550
287.0 4.590E-20 0.545
288.0 4.720E-20 0.540
289.0 4.770E-20 0.535
290.0 4.890E-20 0.530
291.0 4.780E-20 0.520
292.0 4.680E-20 0.510
293.0 4.530E-20 0.500
294.0 4.330E-20 0.490
295.0 4.270E-20 0.480
296.0 4.240E-20 0.470
297.0 4.380E-20 0.460
298.0 4.410E-20 0.450
299.0 4.260E-20 0.440
300.0 4.160E-20 0.430
301.0 3.990E-20 0.418
302.0 3.860E-20 0.406
303.0 3.720E-20 0.394
304.0 3.480E-20 0.382
305.0 3.420E-20 0.370
306.0 3.420E-20 0.354
307.0 3.360E-20 0.338
308.0 3.330E-20 0.322
309.0 3.140E-20 0.306
310.0 2.930E-20 0.290
311.0 2.760E-20 0.266
312.0 2.530E-20 0.242
313.0 2.470E-20 0.218
314.0 2.440E-20 0.194
315.0 2.200E-20 0.170
316.0 2.040E-20 0.156
317.0 2.070E-20 0.142
318.0 1.980E-20 0.128
319.0 1.870E-20 0.114
320.0 1.720E-20 0.100
321.0 1.480E-20 0.088
322.0 1.400E-20 0.076
323.0 1.240E-20 0.064
324.0 1.090E-20 0.052
325.0 1.140E-20 0.040
326.0 1.070E-20 0.032
327.0 8.580E-21 0.024
328.0 7.470E-21 0.016
329.0 7.070E-21 0.008
330.0 6.670E-21 0.000
