CH3I_IUPAC10
! CH3I + HV = I + MEO2
! CH3I Photolysis data
! Supplied by Golam Sarwar 
! Created from IUPAC dataset
Points (these data can be treated as point values)
! With FAC, units are (cm^2/molecule)
FAC=1.0
205.0 7.000E-20 1.000
210.0 3.800E-20 1.000
215.0 5.200E-20 1.000
220.0 6.900E-20 1.000
225.0 9.100E-20 1.000
230.0 1.260E-19 1.000
235.0 2.020E-19 1.000
240.0 3.740E-19 1.000
245.0 6.360E-19 1.000
250.0 9.210E-19 1.000
255.0 1.111E-18 1.000
260.0 1.123E-18 1.000
265.0 9.660E-19 1.000
270.0 7.170E-19 1.000
275.0 4.710E-19 1.000
280.0 2.800E-19 1.000
285.0 1.520E-19 1.000
290.0 7.790E-20 1.000
295.0 3.920E-20 1.000
300.0 2.030E-20 1.000
305.0 1.090E-20 1.000
310.0 6.190E-21 1.000
315.0 3.560E-21 1.000
320.0 2.150E-21 1.000
325.0 1.240E-21 1.000
330.0 7.000E-22 1.000
335.0 3.300E-22 1.000
340.0 2.300E-22 1.000
345.0 1.270E-22 1.000
350.0 6.700E-23 1.000
355.0 2.600E-23 1.000
360.0 1.300E-23 1.000
365.0 4.000E-24 1.000