CLCCHO          
! Chloroacetaldehyde absorption cross sections                                   
! NASA (2006) evaluation                                                         
Points (the mechanism evaluated with this format)                                
! With FAC, units are (cm^2/molecule)                                            
FAC=1.0                                                                          
280.0 3.990E-20 1.0000
281.0 4.230E-20 1.0000
282.0 4.090E-20 1.0000
283.0 4.150E-20 1.0000
284.0 4.310E-20 1.0000
285.0 4.550E-20 1.0000
286.0 4.640E-20 1.0000
287.0 4.800E-20 1.0000
288.0 4.990E-20 1.0000
289.0 5.030E-20 1.0000
290.0 5.200E-20 1.0000
291.0 4.950E-20 1.0000
292.0 4.940E-20 1.0000
293.0 5.140E-20 1.0000
294.0 5.480E-20 1.0000
295.0 5.470E-20 1.0000
296.0 5.640E-20 1.0000
297.0 5.560E-20 1.0000
298.0 5.750E-20 1.0000
299.0 5.630E-20 1.0000
300.0 5.570E-20 1.0000
301.0 5.100E-20 1.0000
302.0 4.920E-20 1.0000
303.0 5.010E-20 1.0000
304.0 5.300E-20 1.0000
305.0 5.270E-20 1.0000
306.0 5.480E-20 1.0000
307.0 5.340E-20 1.0000
308.0 5.440E-20 1.0000
309.0 5.370E-20 1.0000
310.0 5.030E-20 1.0000
311.0 4.610E-20 1.0000
312.0 3.920E-20 1.0000
313.0 3.710E-20 1.0000
314.0 3.730E-20 1.0000
315.0 3.960E-20 1.0000
316.0 3.850E-20 1.0000
317.0 4.160E-20 1.0000
318.0 3.840E-20 1.0000
319.0 3.780E-20 1.0000
320.0 3.840E-20 1.0000
321.0 3.430E-20 1.0000
322.0 3.260E-20 1.0000
323.0 2.490E-20 1.0000
324.0 2.110E-20 1.0000
325.0 1.920E-20 1.0000
326.0 1.870E-20 1.0000
327.0 1.870E-20 1.0000
328.0 1.700E-20 1.0000
329.0 1.920E-20 1.0000
330.0 1.640E-20 1.0000
331.0 1.520E-20 1.0000
332.0 1.680E-20 1.0000
333.0 1.420E-20 1.0000
334.0 1.360E-20 1.0000
335.0 1.060E-20 1.0000
336.0 7.470E-21 1.0000
337.0 6.220E-21 1.0000
338.0 5.020E-21 1.0000
339.0 4.110E-21 1.0000
340.0 3.400E-21 1.0000
341.0 2.810E-21 1.0000
342.0 2.470E-21 1.0000
343.0 2.130E-21 1.0000
344.0 1.900E-21 1.0000
345.0 1.590E-21 1.0000
346.0 1.360E-21 1.0000
347.0 9.770E-22 1.0000
348.0 7.910E-22 1.0000
349.0 6.230E-22 1.0000
350.0 5.450E-22 1.0000
351.0 5.580E-22 1.0000
352.0 6.030E-22 1.0000
353.0 6.330E-22 1.0000
354.0 5.650E-22 1.0000
355.0 3.770E-22 1.0000
356.0 2.390E-22 1.0000
357.0 1.230E-22 1.0000
358.0 0.000E+00 1.0000
