CLNO-06         
! CLNO absorption cross sections recommended by IUPAC (2005)                     
! Wavelength where absorption goes to zero est'd by extrapolation                
!                                                                                
Points (the mechanism evaluated with this format)                                
! With FAC, units are (cm^2/molecule)                                            
FAC=1.0                                                                          
190.0 4.320E-17 1.0000
192.0 5.340E-17 1.0000
194.0 6.150E-17 1.0000
196.0 6.480E-17 1.0000
198.0 6.310E-17 1.0000
200.0 5.860E-17 1.0000
202.0 5.250E-17 1.0000
204.0 4.540E-17 1.0000
206.0 3.840E-17 1.0000
208.0 3.210E-17 1.0000
210.0 2.630E-17 1.0000
212.0 2.180E-17 1.0000
214.0 1.760E-17 1.0000
216.0 1.400E-17 1.0000
218.0 1.110E-17 1.0000
220.0 8.960E-18 1.0000
222.0 7.070E-18 1.0000
224.0 5.520E-18 1.0000
226.0 4.360E-18 1.0000
228.0 3.390E-18 1.0000
230.0 2.660E-18 1.0000
232.0 2.120E-18 1.0000
234.0 1.640E-18 1.0000
236.0 1.280E-18 1.0000
238.0 1.010E-18 1.0000
240.0 8.250E-19 1.0000
242.0 6.720E-19 1.0000
244.0 5.510E-19 1.0000
246.0 4.520E-19 1.0000
248.0 3.770E-19 1.0000
250.0 3.170E-19 1.0000
252.0 2.740E-19 1.0000
254.0 2.370E-19 1.0000
256.0 2.130E-19 1.0000
258.0 1.900E-19 1.0000
260.0 1.750E-19 1.0000
262.0 1.650E-19 1.0000
264.0 1.530E-19 1.0000
266.0 1.440E-19 1.0000
268.0 1.360E-19 1.0000
270.0 1.290E-19 1.0000
272.0 1.230E-19 1.0000
274.0 1.180E-19 1.0000
276.0 1.130E-19 1.0000
278.0 1.070E-19 1.0000
280.0 1.060E-19 1.0000
282.0 1.020E-19 1.0000
284.0 9.990E-20 1.0000
286.0 9.840E-20 1.0000
288.0 9.710E-20 1.0000
290.0 9.640E-20 1.0000
292.0 9.630E-20 1.0000
294.0 9.690E-20 1.0000
296.0 9.710E-20 1.0000
298.0 9.890E-20 1.0000
300.0 1.000E-19 1.0000
302.0 1.030E-19 1.0000
304.0 1.050E-19 1.0000
306.0 1.080E-19 1.0000
308.0 1.110E-19 1.0000
310.0 1.150E-19 1.0000
312.0 1.190E-19 1.0000
314.0 1.220E-19 1.0000
316.0 1.250E-19 1.0000
318.0 1.300E-19 1.0000
320.0 1.340E-19 1.0000
322.0 1.360E-19 1.0000
324.0 1.400E-19 1.0000
326.0 1.430E-19 1.0000
328.0 1.460E-19 1.0000
330.0 1.470E-19 1.0000
332.0 1.490E-19 1.0000
334.0 1.510E-19 1.0000
336.0 1.530E-19 1.0000
338.0 1.530E-19 1.0000
340.0 1.520E-19 1.0000
342.0 1.530E-19 1.0000
344.0 1.510E-19 1.0000
346.0 1.510E-19 1.0000
348.0 1.490E-19 1.0000
350.0 1.450E-19 1.0000
355.0 1.360E-19 1.0000
360.0 1.290E-19 1.0000
365.0 1.200E-19 1.0000
370.0 1.100E-19 1.0000
375.0 9.950E-20 1.0000
380.0 8.860E-20 1.0000
385.0 7.820E-20 1.0000
390.0 6.860E-20 1.0000
395.0 5.970E-20 1.0000
400.0 5.130E-20 1.0000
405.0 4.400E-20 1.0000
410.0 3.830E-20 1.0000
415.0 3.380E-20 1.0000
420.0 2.890E-20 1.0000
425.0 2.450E-20 1.0000
430.0 2.210E-20 1.0000
435.0 2.200E-20 1.0000
440.0 2.200E-20 1.0000
445.0 2.070E-20 1.0000
450.0 1.870E-20 1.0000
455.0 1.790E-20 1.0000
460.0 1.950E-20 1.0000
465.0 2.250E-20 1.0000
470.0 2.500E-20 1.0000
475.0 2.610E-20 1.0000
480.0 2.530E-20 1.0000
485.0 2.330E-20 1.0000
490.0 2.070E-20 1.0000
495.0 1.780E-20 1.0000
500.0 1.500E-20 1.0000
527.0 0.000E+00 1.0000
