CLONO2-1        
! CLONO2 + hv = CLO. + NO2                                                       
! CLONO2 absorption cross sections and quantum yields recommended by IUPAC (2005)
!                                                                                
Points (the mechanism evaluated with this format)                                
! With FAC, units are (cm^2/molecule)                                            
FAC=1.0                                                                          
280.0 1.190E-19 0.4000
285.0 8.800E-20 0.4000
290.0 6.410E-20 0.4000
295.0 4.380E-20 0.4000
300.0 3.130E-20 0.4000
305.0 2.240E-20 0.4000
310.0 1.600E-20 0.3860
315.0 1.140E-20 0.3500
320.0 8.310E-21 0.3140
325.0 6.130E-21 0.2790
330.0 4.660E-21 0.2430
335.0 3.670E-21 0.2070
340.0 3.020E-21 0.1710
345.0 2.580E-21 0.1360
350.0 2.290E-21 0.1000
355.0 2.080E-21 0.0640
360.0 2.000E-21 0.0290
365.0 1.800E-21 0.0000
370.0 1.590E-21 0.0000
375.0 1.410E-21 0.0000
380.0 1.210E-21 0.0000
385.0 1.370E-21 0.0000
390.0 9.100E-22 0.0000
395.0 7.600E-22 0.0000
400.0 6.400E-22 0.0000
405.0 5.400E-22 0.0000
410.0 4.400E-22 0.0000
415.0 3.600E-22 0.0000
420.0 3.200E-22 0.0000
425.0 2.300E-22 0.0000
430.0 1.900E-22 0.0000
435.0 0.000E+00 0.0000
