FORM_M_IUPAC10
! j(FORM_M) IUPAC(2010)                                            
! FORM = CO                                                        
! From IUPAC Subcommittee on Gas Kinetic Data Evaluation           
! Data Sheet P1, updated 16th May, 2002                            
!These are point values                                            
Begining (the mechanism evaluated with this format)
!WL(nm) XSEC(cm2) QY
FAC=1.0
240.0 7.820E-22 0.4900
241.0 7.750E-22 0.4900
242.0 1.227E-21 0.4900
243.0 1.591E-21 0.4900
244.0 1.096E-21 0.4900
245.0 1.313E-21 0.4900
246.0 1.634E-21 0.4900
247.0 1.511E-21 0.4900
248.0 2.338E-21 0.4900
249.0 3.178E-21 0.4900
250.0 2.572E-21 0.4900
251.0 2.039E-21 0.4900
252.0 3.366E-21 0.4900
253.0 2.894E-21 0.4900
254.0 3.417E-21 0.4900
255.0 4.502E-21 0.4900
256.0 6.282E-21 0.4900
257.0 4.430E-21 0.4900
258.0 3.073E-21 0.4900
259.0 6.174E-21 0.4900
260.0 6.045E-21 0.4900
261.0 6.591E-21 0.4780
262.0 6.033E-21 0.4660
263.0 1.077E-20 0.4540
264.0 9.465E-21 0.4420
265.0 5.305E-21 0.4300
266.0 5.387E-21 0.4180
267.0 1.360E-20 0.4060
268.0 1.243E-20 0.3940
269.0 9.908E-21 0.3830
270.0 9.626E-21 0.3770
271.0 1.941E-20 0.3700
272.0 1.430E-20 0.3640
273.0 8.106E-21 0.3570
274.0 6.575E-21 0.3510
275.0 2.143E-20 0.3440
276.0 2.584E-20 0.3380
277.0 1.573E-20 0.3310
278.0 1.035E-20 0.3250
279.0 2.451E-20 0.3160
280.0 2.340E-20 0.302
281.0 1.560E-20 0.287
282.0 9.730E-21 0.273
283.0 7.220E-21 0.258
284.0 4.260E-20 0.245
285.0 4.050E-20 0.239
286.0 2.100E-20 0.232
287.0 1.150E-20 0.226
288.0 3.170E-20 0.219
289.0 3.220E-20 0.218
290.0 1.170E-20 0.232
291.0 1.840E-20 0.246
292.0 7.970E-21 0.261
293.0 3.130E-20 0.275
294.0 7.150E-20 0.289
295.0 4.050E-20 0.302
296.0 2.470E-20 0.314
297.0 1.370E-20 0.326
298.0 4.220E-20 0.339
299.0 3.170E-20 0.341
300.0 9.640E-21 0.312
301.0 1.620E-20 0.282
302.0 8.540E-21 0.259
303.0 3.020E-20 0.237
304.0 7.220E-20 0.230
305.0 4.750E-20 0.268
306.0 4.290E-20 0.306
307.0 1.780E-20 0.301
308.0 1.380E-20 0.280
309.0 3.250E-20 0.268
310.0 1.740E-20 0.281
311.0 4.620E-21 0.293
312.0 1.190E-20 0.293
313.0 9.060E-21 0.288
314.0 5.640E-20 0.289
315.0 5.570E-20 0.306
316.0 2.560E-20 0.323
317.0 5.780E-20 0.329
318.0 3.150E-20 0.331
319.0 9.780E-21 0.333
320.0 1.190E-20 0.335
321.0 1.600E-20 0.337
322.0 7.220E-21 0.354
323.0 3.280E-21 0.377
324.0 8.580E-21 0.400
325.0 1.580E-20 0.423
326.0 6.880E-20 0.446
327.0 4.370E-20 0.490
328.0 1.220E-20 0.540
329.0 3.120E-20 0.562
330.0 3.870E-20 0.501
331.0 1.410E-20 0.439
332.0 3.470E-21 0.444
333.0 2.140E-21 0.470
334.0 1.590E-21 0.503
335.0 9.670E-22 0.558
336.0 1.260E-21 0.613
337.0 3.830E-21 0.607
338.0 1.920E-20 0.579
339.0 5.380E-20 0.559
340.0 3.150E-20 0.560
341.0 9.780E-21 0.525
342.0 5.090E-21 0.490
343.0 1.920E-20 0.455
344.0 1.270E-20 0.420
345.0 4.370E-21 0.385
346.0 1.190E-21 0.350
347.0 4.410E-22 0.315
348.0 7.540E-22 0.280
349.0 3.790E-22 0.245
350.0 3.620E-22 0.210
351.0 8.930E-22 0.192
352.0 7.300E-21 0.174
353.0 2.280E-20 0.156
354.0 1.640E-20 0.138
355.0 6.960E-21 0.120
356.0 1.480E-21 0.102
357.0 3.450E-22 0.084
358.0 1.860E-22 0.066
359.0 1.110E-22 0.048
360.0 8.700E-23 0.030
361.0 1.000E-22 0.000
