GLY_R_IUPAC10
!GLY = 2 HO2 + 2 CO                                                
!j(GLY)  IUPAC(2010)                                               
! From IUPAC Subcommittee on Gas Kinetic Data Evaluation           
! Data Sheet P4, updated 19th Dec, 2005                            
! Quantum yields for 1 atm from Feierabend et al. (2009)           
!These are point values                                            
Begining (the mechanism evaluated with this format)
!WL(nm) XSEC(cm2) QY
FAC=1.0
290.0 3.520E-20 0.125
292.0 3.430E-20 0.129
294.0 3.530E-20 0.132
296.0 3.620E-20 0.139
298.0 3.870E-20 0.145
300.0 3.800E-20 0.152
302.0 3.590E-20 0.162
304.0 3.200E-20 0.172
306.0 3.090E-20 0.185
308.0 2.990E-20 0.201
310.0 3.010E-20 0.218
312.0 3.180E-20 0.237
314.0 2.930E-20 0.260
316.0 2.400E-20 0.283
318.0 2.090E-20 0.306
320.0 1.740E-20 0.333
322.0 1.690E-20 0.359
324.0 1.570E-20 0.385
326.0 1.550E-20 0.407
328.0 1.760E-20 0.430
330.0 1.470E-20 0.452
332.0 9.700E-21 0.471
334.0 8.500E-21 0.490
336.0 5.900E-21 0.502
338.0 5.800E-21 0.514
340.0 5.400E-21 0.522
342.0 4.900E-21 0.526
344.0 5.600E-21 0.527
346.0 6.600E-21 0.528
348.0 5.400E-21 0.524
350.0 3.700E-21 0.520
352.0 3.900E-21 0.515
354.0 3.800E-21 0.510
356.0 4.100E-21 0.503
358.0 4.400E-21 0.496
360.0 4.900E-21 0.488
362.0 5.800E-21 0.481
364.0 5.700E-21 0.473
366.0 6.500E-21 0.466
368.0 8.700E-21 0.457
370.0 1.010E-20 0.445
372.0 1.050E-20 0.430
374.0 1.180E-20 0.414
376.0 1.260E-20 0.395
378.0 1.420E-20 0.372
380.0 1.810E-20 0.349
382.0 2.000E-20 0.322
384.0 1.810E-20 0.291
386.0 1.810E-20 0.262
388.0 2.830E-20 0.231
390.0 3.300E-20 0.201
392.0 3.350E-20 0.173
394.0 3.170E-20 0.145
396.0 3.470E-20 0.121
398.0 3.880E-20 0.100
400.0 3.920E-20 0.081
402.0 5.700E-20 0.064
404.0 5.730E-20 0.050
406.0 4.280E-20 0.038
408.0 3.590E-20 0.029
410.0 5.210E-20 0.021
412.0 6.990E-20 0.014
414.0 9.490E-20 0.009
416.0 7.650E-20 0.005
418.0 7.180E-20 0.002
420.0 6.760E-20 0.000
