GLY_R_IUPAC10
!GLY = 2 HO2 + 2 CO                                                
!j(GLY)  IUPAC(2013)                                               
! From IUPAC Subcommittee on Gas Kinetic Data Evaluation           
! Data Sheet P4, updated 19th Dec, 2013
!Glyoxal (CHOCHO) channel quantum yields (1 bar, 298 K) 
!Rate sums quantum yields of all nonzero channels because the species are
!expected result from these channels if all HCHO is assumed to yield
! 2HO2+2CO
!
!CHOCHO--->2HCO
!CHOCHO--->2H+2CO
!CHOCHO--->HCO+CO+H
!Cross-Section combines IUPAC (2013) recommendation (250-473 nm) and JPL 2011 (474-526 nm). 
! The latter comes from the URL:
! http://satellite.mpic.de/spectral_atlas/cross_sections
! accessed Feb. 12, 2016
! Note that the JPL values are the same from 250 to 473 nm as IUPAC values
!
!Quantum Yields based on recommendation 
!  http://iupac.pole-ether.fr/htdocs/datasheets/pdf/P4_(CHO)2+hv.pdf dated 2013 but 
!  the IUPAC data sheet appears to incorrectly use the formula for
!  QY of total and individual channels derived in 
!    Salter, R. J., Blitz, M. A., Heard, D. E., Pilling, M. J., Rickard, A. R. and 
!    Seakins, P. W., Phys. Chem. Chem. Phys., 15, 6516, 2013.
!    (1) In IUPAC datasheet, the right side of the phi total equation should use the 
!    reciprocal of pressure correction based on EQ6 in Salter et al. (2013)
!    (2) The IUPAC datasheet may have reversed B1 and B2 values in Table 3 in Salter et al.
!   (2013) for the individual
! 
!Channel Possible: 
!phi1 = H2 + 2CO
!phi2 = HCO + HCO
!phi3 = HCHO + CO
!phi4 = HCO+CO+H
!phi5 = 2H+2CO
!phi6 = TOTAL
!These are point values                                            
Points 
!wl(nm) XC(cm2) Total 2HO2+2CO,sum(phi2+phi4+phi5) 
FAC=1.0
200.0 1.725E-20 0.949
201.0 1.725E-20 0.949
202.0 1.725E-20 0.949
203.0 1.725E-20 0.949
204.0 1.725E-20 0.949
205.0 1.725E-20 0.949
206.0 1.725E-20 0.949
207.0 1.725E-20 0.948
208.0 1.725E-20 0.948
209.0 1.725E-20 0.948
210.0 1.725E-20 0.948
211.0 1.725E-20 0.948
212.0 1.725E-20 0.948
213.0 1.725E-20 0.947
214.0 1.725E-20 0.947
215.0 1.725E-20 0.947
216.0 1.725E-20 0.947
217.0 1.725E-20 0.946
218.0 1.725E-20 0.946
219.0 1.725E-20 0.946
220.0 1.725E-20 0.945
221.0 1.725E-20 0.945
222.0 1.725E-20 0.945
223.0 1.725E-20 0.944
224.0 1.725E-20 0.944
225.0 1.725E-20 0.943
226.0 1.725E-20 0.942
227.0 1.725E-20 0.942
228.0 1.725E-20 0.941
229.0 1.725E-20 0.940
230.0 1.725E-20 0.939
231.0 1.725E-20 0.938
232.0 1.725E-20 0.937
233.0 1.725E-20 0.936
234.0 1.725E-20 0.935
235.0 1.725E-20 0.934
236.0 1.725E-20 0.933
237.0 1.725E-20 0.931
238.0 1.725E-20 0.930
239.0 1.725E-20 0.928
240.0 1.725E-20 0.926
241.0 1.725E-20 0.924
242.0 1.725E-20 0.922
243.0 1.725E-20 0.920
244.0 1.725E-20 0.917
245.0 1.725E-20 0.914
246.0 1.725E-20 0.911
247.0 1.725E-20 0.908
248.0 1.725E-20 0.905
249.0 1.725E-20 0.901
250.0 1.725E-20 0.898
251.0 1.520E-20 0.894
252.0 1.477E-20 0.889
253.0 1.545E-20 0.884
254.0 1.596E-20 0.880
255.0 1.667E-20 0.874
256.0 1.619E-20 0.869
257.0 1.809E-20 0.863
258.0 1.823E-20 0.856
259.0 1.850E-20 0.850
260.0 1.828E-20 0.843
261.0 1.957E-20 0.836
262.0 2.027E-20 0.828
263.0 2.144E-20 0.820
264.0 2.184E-20 0.812
265.0 2.261E-20 0.803
266.0 2.333E-20 0.794
267.0 2.371E-20 0.785
268.0 2.361E-20 0.775
269.0 2.475E-20 0.765
270.0 2.509E-20 0.755
271.0 2.613E-20 0.745
272.0 2.720E-20 0.734
273.0 2.810E-20 0.724
274.0 2.920E-20 0.713
275.0 3.000E-20 0.702
276.0 3.060E-20 0.691
277.0 3.087E-20 0.681
278.0 3.078E-20 0.670
279.0 3.086E-20 0.659
280.0 3.135E-20 0.649
281.0 3.216E-20 0.639
282.0 3.322E-20 0.629
283.0 3.455E-20 0.619
284.0 3.568E-20 0.610
285.0 3.673E-20 0.601
286.0 3.797E-20 0.593
287.0 3.791E-20 0.584
288.0 3.813E-20 0.577
289.0 3.800E-20 0.570
290.0 3.734E-20 0.563
291.0 3.643E-20 0.557
292.0 3.654E-20 0.551
293.0 3.681E-20 0.546
294.0 3.729E-20 0.541
295.0 3.809E-20 0.537
296.0 3.824E-20 0.533
297.0 3.922E-20 0.530
298.0 4.073E-20 0.528
299.0 4.123E-20 0.525
300.0 4.045E-20 0.524
301.0 3.905E-20 0.523
302.0 3.779E-20 0.523
303.0 3.567E-20 0.523
304.0 3.350E-20 0.523
305.0 3.242E-20 0.524
306.0 3.223E-20 0.525
307.0 3.200E-20 0.527
308.0 3.146E-20 0.530
309.0 3.123E-20 0.532
310.0 3.100E-20 0.536
311.0 3.222E-20 0.539
312.0 3.343E-20 0.543
313.0 3.390E-20 0.547
314.0 3.233E-20 0.552
315.0 2.805E-20 0.557
316.0 2.646E-20 0.562
317.0 2.460E-20 0.567
318.0 2.214E-20 0.573
319.0 1.927E-20 0.578
320.0 1.854E-20 0.584
321.0 1.885E-20 0.590
322.0 1.766E-20 0.596
323.0 1.723E-20 0.602
324.0 1.677E-20 0.608
325.0 1.603E-20 0.614
326.0 1.606E-20 0.620
327.0 1.695E-20 0.625
328.0 1.937E-20 0.631
329.0 1.857E-20 0.636
330.0 1.689E-20 0.641
331.0 1.128E-20 0.645
332.0 1.048E-20 0.649
333.0 9.660E-21 0.653
334.0 9.190E-21 0.656
335.0 7.370E-21 0.659
336.0 6.300E-21 0.661
337.0 5.890E-21 0.663
338.0 6.470E-21 0.664
339.0 5.850E-21 0.664
340.0 5.530E-21 0.664
341.0 5.630E-21 0.663
342.0 5.100E-21 0.662
343.0 4.990E-21 0.660
344.0 6.490E-21 0.657
345.0 6.240E-21 0.654
346.0 7.330E-21 0.649
347.0 6.310E-21 0.645
348.0 6.040E-21 0.639
349.0 4.150E-21 0.633
350.0 3.910E-21 0.627
351.0 3.950E-21 0.619
352.0 4.230E-21 0.612
353.0 4.150E-21 0.603
354.0 4.030E-21 0.594
355.0 4.220E-21 0.585
356.0 4.430E-21 0.575
357.0 4.310E-21 0.565
358.0 4.710E-21 0.555
359.0 5.030E-21 0.544
360.0 5.460E-21 0.533
361.0 6.270E-21 0.521
362.0 7.060E-21 0.510
363.0 6.390E-21 0.498
364.0 6.800E-21 0.486
365.0 6.650E-21 0.474
366.0 7.430E-21 0.461
367.0 8.600E-21 0.449
368.0 1.012E-20 0.437
369.0 1.063E-20 0.425
370.0 1.139E-20 0.413
371.0 1.185E-20 0.400
372.0 1.141E-20 0.388
373.0 1.212E-20 0.376
374.0 1.352E-20 0.365
375.0 1.332E-20 0.353
376.0 1.377E-20 0.341
377.0 1.467E-20 0.330
378.0 1.605E-20 0.319
379.0 1.534E-20 0.308
380.0 1.934E-20 0.297
381.0 2.455E-20 0.287
382.0 2.019E-20 0.277
383.0 2.069E-20 0.267
384.0 1.939E-20 0.257
385.0 1.893E-20 0.248
386.0 1.835E-20 0.238
387.0 2.287E-20 0.229
388.0 3.000E-20 0.221
389.0 3.206E-20 0.212
390.0 3.483E-20 0.204
391.0 3.922E-20 0.196
392.0 3.801E-20 0.188
393.0 2.852E-20 0.180
394.0 3.147E-20 0.173
395.0 3.855E-20 0.165
396.0 3.679E-20 0.158
397.0 3.361E-20 0.151
398.0 4.323E-20 0.144
399.0 4.345E-20 0.137
400.0 3.873E-20 0.130
401.0 4.455E-20 0.123
402.0 5.843E-20 0.116
403.0 7.159E-20 0.108
404.0 6.237E-20 0.101
405.0 4.491E-20 0.094
406.0 4.482E-20 0.086
407.0 4.066E-20 0.078
408.0 3.444E-20 0.070
409.0 4.008E-20 0.063
410.0 5.661E-20 0.055
411.0 7.221E-20 0.048
412.0 7.406E-20 0.041
413.0 1.075E-19 0.035
414.0 1.012E-19 0.029
415.0 1.019E-19 0.024
416.0 6.073E-20 0.020
417.0 6.829E-20 0.016
418.0 7.873E-20 0.013
419.0 9.134E-20 0.010
420.0 5.602E-20 0.008
421.0 7.188E-20 0.007
422.0 6.990E-20 0.005
423.0 1.305E-19 0.004
424.0 8.239E-20 0.003
425.0 1.045E-19 0.003
426.0 1.641E-19 0.002
427.0 1.610E-19 0.002
428.0 2.142E-19 0.001
429.0 6.499E-20 0.001
430.0 7.027E-20 0.001
431.0 6.518E-20 0.001
432.0 6.082E-20 0.001
433.0 5.657E-20 0.000
434.0 6.809E-20 0.000
435.0 7.660E-20 0.000
436.0 1.319E-19 0.000
437.0 9.185E-20 0.000
438.0 1.382E-19 0.000
439.0 1.214E-19 0.000
440.0 2.594E-19 0.000
441.0 1.312E-19 0.000
442.0 9.013E-20 0.000
443.0 1.112E-19 0.000
444.0 1.346E-19 0.000
445.0 1.511E-19 0.000
446.0 7.818E-20 0.000
447.0 3.730E-20 0.000
448.0 4.144E-20 0.000
449.0 5.527E-20 0.000
450.0 8.682E-20 0.000
451.0 1.382E-19 0.000
452.0 1.595E-19 0.000
453.0 3.037E-19 0.000
454.0 2.690E-19 0.000
455.0 5.199E-19 0.000
456.0 1.567E-19 0.000
457.0 2.661E-20 0.000
458.0 2.201E-20 0.000
459.0 9.020E-21 0.000
460.0 1.202E-20 0.000
461.0 8.830E-21 0.000
462.0 5.880E-21 0.000
463.0 3.220E-21 0.000
464.0 3.390E-21 0.000
465.0 3.300E-21 0.000
466.0 4.160E-21 0.000
467.0 5.220E-21 0.000
468.0 1.490E-21 0.000
469.0 9.100E-22 0.000
470.0 7.600E-22 0.000
471.0 8.600E-22 0.000
472.0 9.200E-22 0.000
473.0 1.100E-21 0.000
474.0 1.080E-21 0.000
475.0 1.590E-21 0.000
476.0 1.550E-21 0.000
477.0 1.810E-21 0.000
478.0 2.550E-21 0.000
479.0 1.420E-21 0.000
480.0 7.400E-22 0.000
481.0 7.000E-22 0.000
482.0 6.500E-22 0.000
483.0 5.300E-22 0.000
484.0 7.100E-22 0.000
485.0 5.000E-22 0.000
486.0 4.100E-22 0.000
487.0 5.600E-22 0.000
488.0 7.000E-22 0.000
489.0 4.200E-22 0.000
490.0 4.500E-22 0.000
491.0 4.100E-22 0.000
492.0 3.900E-22 0.000
493.0 4.000E-22 0.000
494.0 4.100E-22 0.000
495.0 4.200E-22 0.000
496.0 4.500E-22 0.000
497.0 3.300E-22 0.000
498.0 3.500E-22 0.000
499.0 3.200E-22 0.000
500.0 3.300E-22 0.000
501.0 3.800E-22 0.000
502.0 3.100E-22 0.000
503.0 4.200E-22 0.000
504.0 3.400E-22 0.000
505.0 3.500E-22 0.000
506.0 4.600E-22 0.000
507.0 4.200E-22 0.000
508.0 3.700E-22 0.000
509.0 3.000E-22 0.000
510.0 2.300E-22 0.000
511.0 2.300E-22 0.000
512.0 3.000E-22 0.000
513.0 2.300E-22 0.000
514.0 3.000E-22 0.000
515.0 5.300E-22 0.000
516.0 3.500E-22 0.000
517.0 5.100E-22 0.000
518.0 1.020E-21 0.000
519.0 6.500E-22 0.000
520.0 1.000E-21 0.000
521.0 1.690E-21 0.000
522.0 3.700E-22 0.000
523.0 1.100E-22 0.000
524.0 7.000E-23 0.000
525.0 4.000E-23 0.000
