GLYD_IUPAC10
! j(GLYD) IUPAC(2010)                                              
! GLYD = products                                                  
! From IUPAC Subcommittee on Gas Kinetic Data Evaluation           
! Cross sections from Data Sheet P5, updated 16th May, 2002        
! Quantum yields for ALDX                                          
!These are point values                                            
Begining (the mechanism evaluated with this format)
!WL(nm) XSEC(cm2) QY
FAC=1.0
280.0 5.340E-20 0.900
281.0 5.370E-20 0.900
282.0 5.370E-20 0.900
283.0 5.250E-20 0.900
284.0 5.120E-20 0.900
285.0 5.010E-20 0.900
286.0 4.930E-20 0.900
287.0 4.800E-20 0.900
288.0 4.670E-20 0.900
289.0 4.580E-20 0.900
290.0 4.500E-20 0.900
291.0 4.410E-20 0.900
292.0 4.190E-20 0.900
293.0 3.960E-20 0.900
294.0 3.760E-20 0.890
295.0 3.590E-20 0.885
296.0 3.460E-20 0.880
297.0 3.290E-20 0.875
298.0 3.170E-20 0.870
299.0 3.020E-20 0.865
300.0 2.900E-20 0.860
301.0 2.740E-20 0.855
302.0 2.510E-20 0.850
303.0 2.260E-20 0.818
304.0 2.070E-20 0.786
305.0 1.910E-20 0.755
306.0 1.770E-20 0.723
307.0 1.640E-20 0.691
308.0 1.500E-20 0.659
309.0 1.360E-20 0.627
310.0 1.250E-20 0.596
311.0 1.150E-20 0.564
312.0 1.030E-20 0.532
313.0 8.840E-21 0.500
314.0 7.710E-21 0.480
315.0 6.890E-21 0.460
316.0 5.970E-21 0.440
317.0 5.160E-21 0.420
318.0 4.550E-21 0.400
319.0 3.960E-21 0.380
320.0 3.290E-21 0.360
321.0 2.850E-21 0.340
322.0 2.490E-21 0.320
323.0 2.130E-21 0.300
324.0 1.850E-21 0.280
325.0 1.470E-21 0.260
326.0 1.280E-21 0.248
327.0 1.050E-21 0.236
328.0 8.700E-22 0.223
329.0 8.400E-22 0.211
330.0 6.800E-22 0.199
331.0 5.800E-22 0.187
332.0 4.300E-22 0.174
333.0 4.000E-22 0.162
334.0 4.000E-22 0.150
335.0 3.900E-22 0.133
336.0 0.000E+00 0.000
