H2O2
! H2O2 + HV = 2 OH
! SAPRC-99 Photolysis data.  Supplied by William P. L. Carter.
! Created from PhotDat.xls on 29-Jan-2000 10:07
Points (the mechanism was evaluated assuming this format)
! With FAC, units are (cm^2/molecule)
FAC=1.0
190.0 6.720E-19 1.000
195.0 5.630E-19 1.000
200.0 4.750E-19 1.000
205.0 4.080E-19 1.000
210.0 3.570E-19 1.000
215.0 3.070E-19 1.000
220.0 2.580E-19 1.000
225.0 2.170E-19 1.000
230.0 1.820E-19 1.000
235.0 1.500E-19 1.000
240.0 1.240E-19 1.000
245.0 1.020E-19 1.000
250.0 8.300E-20 1.000
255.0 6.700E-20 1.000
260.0 5.300E-20 1.000
265.0 4.200E-20 1.000
270.0 3.300E-20 1.000
275.0 2.600E-20 1.000
280.0 2.000E-20 1.000
285.0 1.500E-20 1.000
290.0 1.200E-20 1.000
295.0 9.000E-21 1.000
300.0 6.800E-21 1.000
305.0 5.100E-21 1.000
310.0 3.900E-21 1.000
315.0 2.900E-21 1.000
320.0 2.200E-21 1.000
325.0 1.600E-21 1.000
330.0 1.300E-21 1.000
335.0 1.000E-21 1.000
340.0 7.000E-22 1.000
345.0 5.000E-22 1.000
350.0 4.000E-22 1.000
355.0 0.000E+00 1.000
