HCHOmol_RADM88
! Formaldehyde Photolysis to molecular hydrogen (HCHOmol)
! HCHO + hv -> H2 + CO   
! Abs CS:  Avg of Moortgat et al. [1980,1983] and Bass et al. [1980]
! QY from Moortgat et al. [1983]; Horowitz and Calvert [1978]
! format:  wl, abs_cs, qy
Beginning
! With FAC, units are (cm^2/molecule)
FAC=1.0
 246.914  0.000E+00  7.697E-03
 250.000  3.910E-22  4.797E-01
 253.165  1.183E-21  4.889E-01
 256.410  2.807E-21  4.943E-01
 259.740  5.063E-21  4.980E-01
 263.158  5.548E-21  4.945E-01
 266.667  9.348E-21  4.845E-01
 270.270  1.160E-20  4.566E-01
 273.973  1.602E-20  3.861E-01
 277.778  1.584E-20  3.418E-01
 281.690  2.267E-20  3.251E-01
 285.714  2.126E-20  3.061E-01
 289.855  2.264E-20  2.871E-01
 294.118  2.988E-20  2.698E-01
 298.500  1.523E-20  2.546E-01
 302.500  2.281E-20  2.490E-01
 303.500  6.326E-20  2.470E-01
 304.500  4.668E-20  2.456E-01
 305.500  4.497E-20  2.480E-01
 306.500  2.035E-20  2.510E-01
 307.500  1.412E-20  2.540E-01
 308.500  2.959E-20  2.570E-01
 309.500  1.745E-20  2.602E-01
 310.500  7.280E-21  2.645E-01
 311.500  1.340E-20  2.690E-01
 312.500  1.247E-20  2.735E-01
 313.500  3.917E-20  2.789E-01
 314.500  3.947E-20  3.103E-01
 317.500  1.526E-20  3.941E-01
 322.500  2.110E-20  5.081E-01
 327.500  1.923E-20  6.761E-01
 332.500  2.134E-21  7.593E-01
 337.500  1.632E-20  6.361E-01
 342.500  6.668E-21  5.015E-01
 347.500  1.519E-21  3.734E-01
 352.500  7.166E-21  2.290E-01
 357.500  9.075E-23  1.036E-01
 362.500  0.000E+00  5.906E-03
 367.500  0.000E+00  0.000E+00
