HCHOrad_CBIV88
! Formaldehyde Photolysis to radical (HCHOrad)
! HCHO + hv -> H + HCO     
! Taken from Gery et al. (1988); Absorption CS from Bass (1980); QY from 
! Calvert (1980) fit to his data and Moortgat and coworkers (1978, 1979).
! format:  wl, abs_cs, qy
Centered
! With FAC, units are (cm^2/molecule)
FAC=1.0E-20
 280  2.34  0.560
 281  1.65  0.580
 282  0.76  0.600
 283  0.46  0.620
 284  3.93  0.630
 285  3.46  0.650
 286  2.32  0.670
 287  0.95  0.680
 288  2.32  0.700
 289  2.50  0.710
 290  1.43  0.720
 291  1.32  0.730
 292  0.66  0.750
 293  5.22  0.760
 294  4.30  0.760
 295  3.21  0.770
 296  1.59  0.780
 297  1.96  0.790 
 298  3.66  0.790
 299  1.55  0.790
 300  0.72  0.800
 301  1.51  0.800
 302  0.74  0.800
 303  4.35  0.800
 304  4.79  0.800
 305  4.94  0.790
 306  3.02  0.790
 307  1.16  0.790
 308  2.18  0.780
 309  2.25  0.770
 310  1.03  0.760
 311  0.81  0.750
 312  1.49  0.740
 313  1.55  0.730
 314  3.99  0.720
 315  2.88  0.700
 316  2.79  0.690
 317  3.59  0.670
 318  1.65  0.650
 319  0.73  0.630
 320  1.71  0.610
 321  1.32  0.590
 322  0.43  0.570
 323  0.60  0.540
 324  0.75  0.510
 325  2.19  0.490
 326  3.44  0.460
 327  1.75  0.430
 328  1.01  0.390
 329  3.03  0.360
 330  1.96  0.330
 331  0.79  0.290
 332  0.32  0.250
 333  0.15  0.210
 334  0.17  0.170
 335  0.02  0.130
 336  0.17  0.083
 337  0.32  0.038
 338  1.93  0.000
 339  2.15  0.000
 340  1.07  0.000

