HCHO_RAD_JPL19
! HCHO + HV = HO2 + HO2 + CO 
! Source: Chemical Kinetics and Photochemical Data for Use in Atmospheric Studies, Evaluation No.
!         19," JPL Publication 19-5, Jet Propulsion Laboratory, Pasadena,
!         2019 http://jpldataeval.jpl.nasa.gov
! Absorption x-section from Table 4D-2 (Recommended Absorption Cross Sections of CH2O at 298 K and Temperature Coefficients Averaged over 1 nm Intervals)
! Quantum yield from Table 4D-4 (Recommended CH2O Photolysis Quantum Yields at 300 K and 1 Atmosphere)
! Supplied by Dr. William Stockwell, reformatted by Dr. Golam Sarwar to make it compatible with CMAQ
!
Points
! With FAC, units are (cm^2/molecule)
FAC=1.0
226	1.93E-22	0.000
227	1.82E-22	0.000
228	1.91E-22	0.000
229	2.05E-22	0.000
230	2.21E-22	0.000
231	3.56E-22	0.000
232	3.62E-22	0.000
233	2.83E-22	0.000
234	3.51E-22	0.000
235	3.92E-22	0.000
236	5.82E-22	0.000
237	8.33E-22	0.000
238	6.14E-22	0.000
239	7.37E-22	0.000
240	8.45E-22	0.000
241	8.37E-22	0.000
242	1.33E-21	0.000
243	1.72E-21	0.000
244	1.18E-21	0.000
245	1.42E-21	0.000
246	1.76E-21	0.000
247	1.63E-21	0.000
248	2.53E-21	0.000
249	3.43E-21	0.000
250	2.78E-21	0.310
251	2.20E-21	0.308
252	3.64E-21	0.307
253	3.12E-21	0.306
254	3.69E-21	0.305
255	4.86E-21	0.304
256	6.79E-21	0.304
257	4.78E-21	0.303
258	3.32E-21	0.303
259	6.67E-21	0.304
260	6.52E-21	0.307
261	7.13E-21	0.312
262	6.50E-21	0.318
263	1.17E-20	0.325
264	1.02E-20	0.333
265	5.72E-21	0.343
266	5.81E-21	0.354
267	1.47E-20	0.365
268	1.34E-20	0.377
269	1.07E-20	0.390
270	1.04E-20	0.404
271	2.10E-20	0.418
272	1.54E-20	0.433
273	8.75E-21	0.448
274	7.10E-21	0.464
275	2.32E-20	0.479
276	2.80E-20	0.495
277	1.70E-20	0.512
278	1.11E-20	0.528
279	2.65E-20	0.544
280	2.53E-20	0.560
281	1.68E-20	0.576
282	1.05E-20	0.591
283	7.78E-21	0.606
284	4.61E-20	0.620
285	4.37E-20	0.633
286	2.26E-20	0.645
287	1.24E-20	0.657
288	3.42E-20	0.669
289	3.48E-20	0.680
290	1.26E-20	0.690
291	1.99E-20	0.700
292	8.60E-21	0.710
293	3.36E-20	0.718
294	7.72E-20	0.726
295	4.38E-20	0.734
296	2.68E-20	0.740
297	1.47E-20	0.746
298	4.56E-20	0.751
299	3.42E-20	0.755
300	1.04E-20	0.758
301	1.76E-20	0.761
302	9.20E-21	0.762
303	3.26E-20	0.762
304	7.81E-20	0.762
305	5.12E-20	0.760
306	4.63E-20	0.758
307	1.92E-20	0.754
308	1.49E-20	0.749
309	3.52E-20	0.744
310	1.88E-20	0.737
311	4.98E-21	0.729
312	1.28E-20	0.720
313	9.74E-21	0.709
314	6.10E-20	0.698
315	6.00E-20	0.685
316	2.74E-20	0.671
317	6.25E-20	0.656
318	3.40E-20	0.639
319	1.05E-20	0.622
320	1.28E-20	0.603
321	1.73E-20	0.583
322	7.79E-21	0.561
323	3.53E-21	0.539
324	9.30E-21	0.515
325	1.66E-20	0.489
326	7.42E-20	0.463
327	4.72E-20	0.435
328	1.32E-20	0.406
329	3.37E-20	0.375
330	4.17E-20	0.343
331	1.52E-20	0.310
332	3.74E-21	0.276
333	2.31E-21	0.240
334	1.72E-21	0.203
335	1.04E-21	0.165
336	1.36E-21	0.126
337	4.14E-21	0.085
338	2.07E-20	0.043
339	5.94E-20	0.000
340	3.40E-20	0.000
341	1.06E-20	0.000
342	5.44E-21	0.000
343	2.07E-20	0.000
344	1.37E-20	0.000
345	4.71E-21	0.000
346	1.28E-21	0.000
347	4.76E-22	0.000
348	8.18E-22	0.000
349	4.08E-22	0.000
350	3.89E-22	0.000
351	9.66E-22	0.000
352	7.90E-21	0.000
353	2.46E-20	0.000
354	1.78E-20	0.000
355	7.52E-21	0.000
356	1.60E-21	0.000
357	3.72E-22	0.000
358	2.01E-22	0.000
359	1.20E-22	0.000
360	9.40E-23	0.000
361	1.08E-22	0.000
362	2.28E-22	0.000
363	1.52E-22	0.000
364	1.02E-22	0.000
365	9.50E-23	0.000
366	9.18E-23	0.000
367	9.83E-23	0.000
368	1.54E-22	0.000
369	3.21E-22	0.000
370	6.87E-22	0.000
371	6.18E-22	0.000
372	2.13E-22	0.000
373	1.22E-22	0.000
374	9.83E-23	0.000
375	9.40E-23	0.000
