HCHOM-06        
! HCHO + HV = H2 + CO                                                            
! IUPAC Subcommittee on Gas Kinetic Data Evaluation – Data Sheet P1              
! This datasheet updated: 16th May 2002.                                         
! Website: http://www.iupac-kinetic.ch.cam.ac.uk/.                               
! IUPAC recommendations used for both absorption cross sections and quantum yield
! Quantum yields for wl < 0.360 interpolated.                                    
!                                                                                
Points (the mechanism evaluated with this format)                                
! With FAC, units are (cm^2/molecule)                                            
FAC=1.0                                                                          
240.0 7.820E-22 0.4900
241.0 7.750E-22 0.4900
242.0 1.227E-21 0.4900
243.0 1.591E-21 0.4900
244.0 1.096E-21 0.4900
245.0 1.313E-21 0.4900
246.0 1.634E-21 0.4900
247.0 1.511E-21 0.4900
248.0 2.338E-21 0.4900
249.0 3.178E-21 0.4900
250.0 2.572E-21 0.4900
251.0 2.039E-21 0.4900
252.0 3.366E-21 0.4900
253.0 2.894E-21 0.4900
254.0 3.417E-21 0.4900
255.0 4.502E-21 0.4900
256.0 6.282E-21 0.4900
257.0 4.430E-21 0.4900
258.0 3.073E-21 0.4900
259.0 6.174E-21 0.4900
260.0 6.045E-21 0.4900
261.0 6.591E-21 0.4780
262.0 6.033E-21 0.4660
263.0 1.077E-20 0.4540
264.0 9.465E-21 0.4420
265.0 5.305E-21 0.4300
266.0 5.387E-21 0.4180
267.0 1.360E-20 0.4060
268.0 1.243E-20 0.3940
269.0 9.908E-21 0.3830
270.0 9.626E-21 0.3770
271.0 1.941E-20 0.3700
272.0 1.430E-20 0.3640
273.0 8.106E-21 0.3570
274.0 6.575E-21 0.3510
275.0 2.143E-20 0.3440
276.0 2.584E-20 0.3380
277.0 1.573E-20 0.3310
278.0 1.035E-20 0.3250
279.0 2.451E-20 0.3160
280.0 2.338E-20 0.3020
281.0 1.562E-20 0.2870
282.0 9.728E-21 0.2730
283.0 7.224E-21 0.2580
284.0 4.265E-20 0.2450
285.0 4.050E-20 0.2390
286.0 2.095E-20 0.2320
287.0 1.153E-20 0.2260
288.0 3.169E-20 0.2190
289.0 3.225E-20 0.2180
290.0 1.173E-20 0.2320
291.0 1.836E-20 0.2460
292.0 7.973E-21 0.2610
293.0 3.128E-20 0.2750
294.0 7.154E-20 0.2890
295.0 4.054E-20 0.3020
296.0 2.474E-20 0.3140
297.0 1.367E-20 0.3260
298.0 4.217E-20 0.3390
299.0 3.175E-20 0.3410
300.0 9.638E-21 0.3120
301.0 1.625E-20 0.2820
302.0 8.537E-21 0.2590
303.0 3.021E-20 0.2370
304.0 7.219E-20 0.2300
305.0 4.752E-20 0.2680
306.0 4.292E-20 0.3060
307.0 1.781E-20 0.3010
308.0 1.385E-20 0.2800
309.0 3.252E-20 0.2680
310.0 1.737E-20 0.2810
311.0 4.623E-21 0.2930
312.0 1.188E-20 0.2930
313.0 9.064E-21 0.2880
314.0 5.637E-20 0.2890
315.0 5.565E-20 0.3060
316.0 2.561E-20 0.3230
317.0 5.777E-20 0.3290
318.0 3.151E-20 0.3310
319.0 9.779E-21 0.3330
320.0 1.194E-20 0.3350
321.0 1.598E-20 0.3370
322.0 7.216E-21 0.3540
323.0 3.281E-21 0.3770
324.0 8.584E-21 0.4000
325.0 1.578E-20 0.4230
326.0 6.876E-20 0.4460
327.0 4.370E-20 0.4900
328.0 1.220E-20 0.5400
329.0 3.120E-20 0.5620
330.0 3.865E-20 0.5010
331.0 1.412E-20 0.4390
332.0 3.474E-21 0.4440
333.0 2.135E-21 0.4700
334.0 1.587E-21 0.5030
335.0 9.670E-22 0.5580
336.0 1.261E-21 0.6130
337.0 3.825E-21 0.6070
338.0 1.919E-20 0.5790
339.0 5.381E-20 0.5590
340.0 3.151E-20 0.5600
341.0 9.783E-21 0.5250
342.0 5.093E-21 0.4900
343.0 1.922E-20 0.4550
344.0 1.268E-20 0.4200
345.0 4.369E-21 0.3850
346.0 1.190E-21 0.3500
347.0 4.410E-22 0.3150
348.0 7.540E-22 0.2800
349.0 3.790E-22 0.2450
350.0 3.620E-22 0.2100
351.0 8.930E-22 0.1920
352.0 7.295E-21 0.1740
353.0 2.275E-20 0.1560
354.0 1.645E-20 0.1380
355.0 6.964E-21 0.1200
356.0 1.483E-21 0.1020
357.0 3.450E-22 0.0840
358.0 1.860E-22 0.0660
359.0 1.110E-22 0.0480
360.0 8.700E-23 0.0300
361.0 1.000E-22 0.0120
362.0 2.110E-22 0.0000
