HNO3
! HNO3 + HV = products
! SAPRC-99 Photolysis data.  Supplied by William P. L. Carter.
! Created from PhotDat.xls on 29-Jan-2000 10:07
Points (the mechanism was evaluated assuming this format)
! With FAC, units are (cm^2/molecule)
FAC=1.0
190.0 1.360E-17 1.000
195.0 1.020E-17 1.000
200.0 5.880E-18 1.000
205.0 2.800E-18 1.000
210.0 1.040E-18 1.000
215.0 3.650E-19 1.000
220.0 1.490E-19 1.000
225.0 8.810E-20 1.000
230.0 5.750E-20 1.000
235.0 3.750E-20 1.000
240.0 2.580E-20 1.000
245.0 2.110E-20 1.000
250.0 1.970E-20 1.000
255.0 1.950E-20 1.000
260.0 1.910E-20 1.000
265.0 1.800E-20 1.000
270.0 1.620E-20 1.000
275.0 1.380E-20 1.000
280.0 1.120E-20 1.000
285.0 8.580E-21 1.000
290.0 6.150E-21 1.000
295.0 4.120E-21 1.000
300.0 2.630E-21 1.000
305.0 1.500E-21 1.000
310.0 8.100E-22 1.000
315.0 4.100E-22 1.000
320.0 2.000E-22 1.000
325.0 9.500E-23 1.000
330.0 4.300E-23 1.000
335.0 2.200E-23 1.000
340.0 1.000E-23 1.000
345.0 6.000E-24 1.000
350.0 4.000E-24 1.000
355.0 0.000E+00 1.000
