HNO3_NASA94
! Nitric Acid Photolysis (HNO3)
! HNO3 + hv -> OH + NO2    
! Taken from the original RADM data, with NASA (1994) updates
! format:  wl, abs_cs, qy
Centered
! With FAC, units are (cm^2/molecule)
FAC=1.0
 187.800  0.000E+00  1.000E+00
 189.600  1.117E-17  1.000E+00
 191.400  1.264E-17  1.000E+00
 193.200  1.143E-17  1.000E+00
 195.100  1.007E-17  1.000E+00
 197.000  8.507E-18  1.000E+00
 199.000  6.781E-18  1.000E+00
 201.000  5.168E-18  1.000E+00
 203.100  3.846E-18  1.000E+00
 205.100  2.733E-18  1.000E+00
 207.300  1.844E-18  1.000E+00
 209.400  1.198E-18  1.000E+00
 211.600  7.522E-19  1.000E+00
 213.900  4.597E-19  1.000E+00
 216.200  2.766E-19  1.000E+00
 218.600  1.833E-19  1.000E+00
 221.000  1.335E-19  1.000E+00
 223.500  1.029E-19  1.000E+00
 226.000  8.067E-20  1.000E+00
 228.600  6.457E-20  1.000E+00
 231.200  5.237E-20  1.000E+00
 233.900  4.174E-20  1.000E+00
 236.700  3.192E-20  1.000E+00
 239.500  2.690E-20  1.000E+00
 242.400  2.288E-20  1.000E+00
 245.400  2.096E-20  1.000E+00
 248.500  1.992E-20  1.000E+00
 251.600  1.963E-20  1.000E+00
 254.800  1.950E-20  1.000E+00
 258.100  1.929E-20  1.000E+00
 261.400  1.883E-20  1.000E+00
 264.900  1.801E-20  1.000E+00
 268.500  1.678E-20  1.000E+00
 272.100  1.524E-20  1.000E+00
 275.900  1.339E-20  1.000E+00
 279.700  1.135E-20  1.000E+00
 283.700  9.238E-21  1.000E+00
 287.800  7.200E-21  1.000E+00
 292.000  5.336E-21  1.000E+00
 296.300  3.732E-21  1.000E+00
 300.500  2.490E-21  1.000E+00
 303.000  1.875E-21  1.000E+00
 304.000  1.670E-21  1.000E+00
 305.000  1.500E-21  1.000E+00
 306.000  1.330E-21  1.000E+00
 307.000  1.190E-21  1.000E+00
 308.000  1.050E-21  1.000E+00
 309.000  9.320E-22  1.000E+00
 310.000  8.140E-22  1.000E+00
 311.000  7.210E-22  1.000E+00
 312.000  6.280E-22  1.000E+00
 313.000  5.465E-22  1.000E+00
 314.000  4.650E-22  1.000E+00
 316.000  3.640E-22  1.000E+00
 320.000  2.063E-22  1.000E+00
 325.000  9.753E-23  1.000E+00
 330.000  4.520E-23  1.000E+00
 335.000  2.217E-23  1.000E+00
 340.000  1.096E-23  1.000E+00
 345.000  6.040E-24  1.000E+00
 350.000  2.940E-24  1.000E+00
 355.000  0.000E+00  1.000E+00
