HNO3_RACM2
! HNO3 + HV = HO + NO2
! Absorption x-section from NASA - 2006                                                   
! Quantum yield assumed to be 1.0
! Supplied by Dr. Wendy Goliff, reformatted by Dr. Golam Sarwar to make it compatible with CMAQ
Points 
! With FAC, units are (cm^2/molecule)
FAC=1.0
186.1  0.000E+00  1.000
187.8  0.000E+00  1.000
189.6  0.000E+00  1.000
191.4  0.000E+00  1.000
193.3  0.114E-16  1.000
195.2  0.100E-16  1.000
197.1  0.847E-17  1.000
199.0  0.679E-17  1.000
201.0  0.518E-17  1.000
203.1  0.382E-17  1.000
205.2  0.270E-17  1.000
207.3  0.182E-17  1.000
209.4  0.120E-17  1.000
211.7  0.730E-18  1.000
213.9  0.451E-18  1.000
216.2  0.283E-18  1.000
218.6  0.185E-18  1.000
221.0  0.134E-18  1.000
223.5  0.102E-18  1.000
226.0  0.802E-19  1.000
228.6  0.650E-19  1.000
231.3  0.518E-19  1.000
234.0  0.414E-19  1.000
236.7  0.321E-19  1.000
239.6  0.265E-19  1.000
242.5  0.230E-19  1.000
245.4  0.209E-19  1.000
248.5  0.199E-19  1.000
251.6  0.196E-19  1.000
254.8  0.195E-19  1.000
258.2  0.193E-19  1.000
261.5  0.188E-19  1.000
265.0  0.180E-19  1.000
268.5  0.168E-19  1.000
272.2  0.152E-19  1.000
275.9  0.134E-19  1.000
279.8  0.113E-19  1.000
283.7  0.924E-20  1.000
287.8  0.719E-20  1.000
292.0  0.532E-20  1.000
296.3  0.371E-20  1.000
300.5  0.249E-20  1.000
303.0  0.188E-20  1.000
304.0  0.167E-20  1.000
305.0  0.150E-20  1.000
306.0  0.133E-20  1.000
307.0  0.119E-20  1.000
308.0  0.105E-20  1.000
309.0  0.932E-21  1.000
310.0  0.814E-21  1.000
311.0  0.721E-21  1.000
312.0  0.628E-21  1.000
313.0  0.548E-21  1.000
314.0  0.468E-21  1.000
316.0  0.362E-21  1.000
320.0  0.197E-21  1.000
325.0  0.950E-22  1.000
330.0  0.431E-22  1.000
335.0  0.220E-22  1.000
340.0  0.103E-22  1.000
345.0  0.595E-23  1.000
350.0  0.420E-23  1.000
355.0  0.000E+00  1.000
360.0  0.000E+00  1.000
365.0  0.000E+00  1.000
370.0  0.000E+00  1.000
375.0  0.000E+00  1.000
380.0  0.000E+00  1.000
385.0  0.000E+00  1.000
390.0  0.000E+00  1.000
395.0  0.000E+00  1.000
400.0  0.000E+00  1.000
405.0  0.000E+00  1.000
410.0  0.000E+00  1.000
415.0  0.000E+00  1.000
420.0  0.000E+00  1.000
425.0  0.000E+00  1.000
430.0  0.000E+00  1.000
435.0  0.000E+00  1.000
440.0  0.000E+00  1.000
445.0  0.000E+00  1.000
450.0  0.000E+00  1.000
455.0  0.000E+00  1.000
460.0  0.000E+00  1.000
465.0  0.000E+00  1.000
470.0  0.000E+00  1.000
475.0  0.000E+00  1.000
480.0  0.000E+00  1.000
485.0  0.000E+00  1.000
490.0  0.000E+00  1.000
495.0  0.000E+00  1.000
500.0  0.000E+00  1.000
505.0  0.000E+00  1.000
510.0  0.000E+00  1.000
515.0  0.000E+00  1.000
520.0  0.000E+00  1.000
525.0  0.000E+00  1.000
530.0  0.000E+00  1.000
535.0  0.000E+00  1.000
540.0  0.000E+00  1.000
545.0  0.000E+00  1.000
550.0  0.000E+00  1.000
555.0  0.000E+00  1.000
560.0  0.000E+00  1.000
565.0  0.000E+00  1.000
570.0  0.000E+00  1.000
575.0  0.000E+00  1.000
580.0  0.000E+00  1.000
585.0  0.000E+00  1.000
590.0  0.000E+00  1.000
595.0  0.000E+00  1.000
600.0  0.000E+00  1.000
605.0  0.000E+00  1.000
610.0  0.000E+00  1.000
615.0  0.000E+00  1.000
620.0  0.000E+00  1.000
625.0  0.000E+00  1.000
630.0  0.000E+00  1.000
635.0  0.000E+00  1.000
640.0  0.000E+00  1.000
644.8  0.000E+00  1.000
651.0  0.000E+00  1.000
660.0  0.000E+00  1.000
670.0  0.000E+00  1.000
680.0  0.000E+00  1.000
690.0  0.000E+00  1.000
700.0  0.000E+00  1.000
710.0  0.000E+00  1.000
720.0  0.000E+00  1.000
730.0  0.000E+00  1.000
