HNO4-06     
! HO2NO2 + HV = PRODUCTS                             
! NASA (2011)                                  
!                                        
Points (the mechanism evaluated with this format)                
! With FAC, units are (cm^2/molecule)                      
FAC=1.0                                     
190.0 1.01e-17 1.000
195.0 8.16e-18 1.000
200.0 5.63e-18 1.000
205.0 3.67e-18 1.000
210.0 2.39e-18 1.000
215.0 1.61e-18 1.000
220.0 1.18e-18 1.000
225.0 9.35e-19 1.000
230.0 7.92e-19 1.000
235.0 6.83e-19 1.000
240.0 5.81e-19 1.000
245.0 4.90e-19 1.000
250.0 4.13e-19 1.000
255.0 3.50e-19 1.000
260.0 2.85e-19 1.000
265.0 2.30e-19 1.000
270.0 1.81e-19 1.000
275.0 1.34e-19 1.000
280.0 9.29e-20 1.000
282.0 8.11e-20 1.000
284.0 6.93e-20 1.000
286.0 5.86e-20 1.000
288.0 4.91e-20 1.000
290.0 3.95e-20 1.000
292.0 3.37e-20 1.000
294.0 2.78e-20 1.000
296.0 2.30e-20 1.000
298.0 1.91e-20 1.000
300.0 1.52e-20 1.000
302.0 1.28e-20 1.000
304.0 1.05e-20 1.000
306.0 8.53e-21 1.000
308.0 7.02e-21 1.000
310.0 5.51e-21 1.000
312.0 4.65e-21 1.000
314.0 3.80e-21 1.000
316.0 3.13e-21 1.000
318.0 2.65e-21 1.000
320.0 2.16e-21 1.000
322.0 1.84e-21 1.000
324.0 1.52e-21 1.000
326.0 1.28e-21 1.000
328.0 1.10e-21 1.000
330.0 9.26e-22 1.000
332.0 7.88e-22 1.000
334.0 6.50e-22 1.000
336.0 5.40e-22 1.000
338.0 4.56e-22 1.000
340.0 3.72e-22 1.000
342.0 3.20e-22 1.000
344.0 2.68e-22 1.000
346.0 2.28e-22 1.000
348.0 1.98e-22 1.000
350.0 1.68e-22 1.000
351.0 0.000000 0.000
