HOCCHO          
! Glycolahdehyde photolysis. IUPAC Data Sheet P5, May 2002                       
! From PhotDat.xls                                                               
Points (the mechanism evaluated with this format)                                
! With FAC, units are (cm^2/molecule)                                            
FAC=1.0                                                                          
205.0 3.910E-19 0.7500
206.0 3.370E-19 0.7500
207.0 2.870E-19 0.7500
208.0 2.460E-19 0.7500
209.0 2.120E-19 0.7500
210.0 1.810E-19 0.7500
211.0 1.530E-19 0.7500
212.0 1.300E-19 0.7500
213.0 1.120E-19 0.7500
214.0 9.400E-20 0.7500
215.0 7.840E-20 0.7500
216.0 6.490E-20 0.7500
217.0 5.300E-20 0.7500
218.0 4.260E-20 0.7500
219.0 3.370E-20 0.7500
220.0 2.650E-20 0.7500
221.0 2.130E-20 0.7500
222.0 1.650E-20 0.7500
223.0 1.360E-20 0.7500
224.0 1.120E-20 0.7500
225.0 9.330E-21 0.7500
226.0 7.830E-21 0.7500
227.0 6.910E-21 0.7500
228.0 6.370E-21 0.7500
229.0 6.370E-21 0.7500
230.0 6.490E-21 0.7500
231.0 6.440E-21 0.7500
232.0 6.800E-21 0.7500
233.0 7.230E-21 0.7500
234.0 7.850E-21 0.7500
235.0 8.330E-21 0.7500
236.0 8.800E-21 0.7500
237.0 9.390E-21 0.7500
238.0 1.030E-20 0.7500
239.0 1.110E-20 0.7500
240.0 1.200E-20 0.7500
241.0 1.280E-20 0.7500
242.0 1.380E-20 0.7500
243.0 1.500E-20 0.7500
244.0 1.590E-20 0.7500
245.0 1.710E-20 0.7500
246.0 1.830E-20 0.7500
247.0 1.950E-20 0.7500
248.0 2.090E-20 0.7500
249.0 2.220E-20 0.7500
250.0 2.360E-20 0.7500
251.0 2.500E-20 0.7500
252.0 2.650E-20 0.7500
253.0 2.820E-20 0.7500
254.0 2.970E-20 0.7500
255.0 3.090E-20 0.7500
256.0 3.210E-20 0.7500
257.0 3.390E-20 0.7500
258.0 3.590E-20 0.7500
259.0 3.750E-20 0.7500
260.0 3.890E-20 0.7500
261.0 4.020E-20 0.7500
262.0 4.130E-20 0.7500
263.0 4.240E-20 0.7500
264.0 4.400E-20 0.7500
265.0 4.600E-20 0.7500
266.0 4.750E-20 0.7500
267.0 4.850E-20 0.7500
268.0 4.920E-20 0.7500
269.0 4.990E-20 0.7500
270.0 5.050E-20 0.7500
271.0 5.140E-20 0.7500
272.0 5.230E-20 0.7500
273.0 5.360E-20 0.7500
274.0 5.400E-20 0.7500
275.0 5.410E-20 0.7500
276.0 5.390E-20 0.7500
277.0 5.420E-20 0.7500
278.0 5.370E-20 0.7500
279.0 5.340E-20 0.7500
280.0 5.340E-20 0.7500
281.0 5.370E-20 0.7500
282.0 5.370E-20 0.7500
283.0 5.250E-20 0.7500
284.0 5.120E-20 0.7500
285.0 5.010E-20 0.7500
286.0 4.930E-20 0.7500
287.0 4.800E-20 0.7500
288.0 4.670E-20 0.7500
289.0 4.580E-20 0.7500
290.0 4.500E-20 0.7500
291.0 4.410E-20 0.7500
292.0 4.190E-20 0.7500
293.0 3.960E-20 0.7500
294.0 3.760E-20 0.7500
295.0 3.590E-20 0.7500
296.0 3.460E-20 0.7500
297.0 3.290E-20 0.7500
298.0 3.170E-20 0.7500
299.0 3.020E-20 0.7500
300.0 2.900E-20 0.7500
301.0 2.740E-20 0.7500
302.0 2.510E-20 0.7500
303.0 2.260E-20 0.7500
304.0 2.070E-20 0.7500
305.0 1.910E-20 0.7500
306.0 1.770E-20 0.7500
307.0 1.640E-20 0.7500
308.0 1.500E-20 0.7500
309.0 1.360E-20 0.7500
310.0 1.250E-20 0.7500
311.0 1.150E-20 0.7500
312.0 1.030E-20 0.7500
313.0 8.840E-21 0.7500
314.0 7.710E-21 0.7500
315.0 6.890E-21 0.7500
316.0 5.970E-21 0.7500
317.0 5.160E-21 0.7500
318.0 4.550E-21 0.7500
319.0 3.960E-21 0.7500
320.0 3.290E-21 0.7500
321.0 2.850E-21 0.7500
322.0 2.490E-21 0.7500
323.0 2.130E-21 0.7500
324.0 1.850E-21 0.7500
325.0 1.470E-21 0.7500
326.0 1.280E-21 0.7500
327.0 1.050E-21 0.7500
328.0 8.700E-22 0.7500
329.0 8.400E-22 0.7500
330.0 6.800E-22 0.7500
331.0 5.800E-22 0.7500
332.0 4.300E-22 0.7500
333.0 4.000E-22 0.7500
334.0 4.000E-22 0.7500
335.0 3.900E-22 0.7500
336.0 0.000E+00 0.7500
