HOCL_IUPAC04
! HOCL + HV = HO + CL
! IUPAC Subcommittee on Gas Kinetic Data Evaluation; Data Sheet PCl2 Website: 15th December 2000
! Website: http://www.iupac-kinetic.ch.cam.ac.uk
! Assume these are point values - not specified in data source
POINT 
!With FAC, units are (cm^2/molecule)
FAC=1.0E-20
200   7.18      1
202   6.39      1
204   5.81      1
206   5.46      1
208   5.37      1
210   5.54      1
212   5.98      1
214   6.68      1
216   7.63      1
218   8.81      1
220   10.2      1
222   11.6      1
224   13.2      1
226   14.7      1
228   16.2      1
230   17.5      1
232   18.7      1
234   19.6      1
236   20.2      1
238   20.5      1
240   20.6      1
242   20.3      1
244   19.8      1
246   19.0      1
248   18.1      1
250   17.0      1
252   15.8      1
254   14.6      1
256   13.3      1
258   12.1      1
260   10.9      1
262   9.73      1
264   8.68      1
266   7.75      1
268   6.94      1
270   6.25      1
272   5.69      1
274   5.29      1
276   4.94      1
278   4.74      1
280   4.64      1
282   4.62      1
284   4.68      1
286   4.79      1
288   4.95      1
290   5.13      1
292   5.33      1
294   5.52      1
296   5.71      1
298   5.86      1
300   5.99      1
302   6.08      1
304   6.12      1
306   6.12      1
308   6.07      1
310   5.97      1
312   5.84      1
314   5.66      1
316   5.45      1
318   5.21      1
320   4.95      1
322   4.67      1
324   4.38      1
326   4.09      1
328   3.79      1
330   3.50      1
332   3.21      1
334   2.94      1
336   2.68      1
338   2.44      1
340   2.22      1
342   2.03      1
344   1.84      1
346   1.69      1
348   1.55      1
350   1.43      1
352   1.33      1
354   1.24      1
356   1.17      1
358   1.11      1
360   1.06      1
362   1.02      1
364   0.985     1
366   0.951     1
368   0.919     1
370   0.888     1
372   0.855     1
374   0.822     1
376   0.786     1
378   0.748     1
380   0.708     1
382   0.667     1
384   0.624     1
386   0.580     1
388   0.535     1
390   0.491     1
392   0.447     1
394   0.405     1
396   0.364     1
398   0.325     1
400   0.288     1
402   0.254     1
404   0.222     1
406   0.194     1
408   0.168     1
410   0.144     1
412   0.124     1
414   0.105     1
416   0.089     1
418   0.075     1
420   0.063     1

