HONO-NO2
! HONO + HV = H. + NO2
! SAPRC-99 Photolysis data.  Supplied by William P. L. Carter.
! Created from PhotDat.xls on 29-Jan-2000 10:07
Points (the mechanism was evaluated assuming this format)
! With FAC, units are (cm^2/molecule)
FAC=1.0
309.0 0.000E+00 0.590
310.0 1.300E-20 0.590
311.0 1.900E-20 0.589
312.0 2.800E-20 0.579
313.0 2.200E-20 0.568
314.0 3.600E-20 0.557
315.0 3.000E-20 0.546
316.0 1.400E-20 0.536
317.0 3.100E-20 0.525
318.0 5.600E-20 0.514
319.0 3.600E-20 0.504
320.0 4.900E-20 0.493
321.0 7.800E-20 0.482
322.0 4.900E-20 0.471
323.0 5.100E-20 0.461
324.0 7.100E-20 0.450
325.0 5.000E-20 0.439
326.0 2.900E-20 0.429
327.0 6.600E-20 0.418
328.0 1.170E-19 0.407
329.0 6.100E-20 0.396
330.0 1.110E-19 0.386
331.0 1.790E-19 0.375
332.0 8.700E-20 0.364
333.0 7.600E-20 0.354
334.0 9.600E-20 0.343
335.0 9.600E-20 0.332
336.0 7.200E-20 0.321
337.0 5.300E-20 0.311
338.0 1.000E-19 0.300
339.0 1.880E-19 0.289
340.0 1.000E-19 0.279
341.0 1.700E-19 0.268
342.0 3.860E-19 0.257
343.0 1.490E-19 0.246
344.0 9.700E-20 0.236
345.0 1.090E-19 0.225
346.0 1.230E-19 0.214
347.0 1.040E-19 0.204
348.0 9.100E-20 0.193
349.0 7.900E-20 0.182
350.0 1.120E-19 0.171
351.0 2.120E-19 0.161
352.0 1.550E-19 0.150
353.0 1.910E-19 0.139
354.0 5.810E-19 0.129
355.0 3.640E-19 0.118
356.0 1.410E-19 0.107
357.0 1.170E-19 0.096
358.0 1.200E-19 0.086
359.0 1.040E-19 0.075
360.0 9.000E-20 0.064
361.0 8.300E-20 0.054
362.0 8.000E-20 0.043
363.0 9.600E-20 0.032
364.0 1.460E-19 0.021
365.0 1.680E-19 0.011
366.0 1.830E-19 0.000
