HONO_RACM2
! HONO + HV = HO + NO
! Absorption x-section from NASA - 2006                                                   
!
! Supplied by Dr. Wendy Goliff, reformatted by Dr. Golam Sarwar to make it compatible with CMAQ
Points 
! With FAC, units are (cm^2/molecule)
FAC=1.0
186.1  0.955E-18  1.000
187.8  0.105E-17  1.000
189.6  0.120E-17  1.000
191.4  0.137E-17  1.000
193.3  0.155E-17  1.000
195.2  0.172E-17  1.000
197.1  0.188E-17  1.000
199.0  0.203E-17  1.000
201.0  0.215E-17  1.000
203.1  0.221E-17  1.000
205.2  0.224E-17  1.000
207.3  0.221E-17  1.000
209.4  0.215E-17  1.000
211.7  0.205E-17  1.000
213.9  0.194E-17  1.000
216.2  0.178E-17  1.000
218.6  0.160E-17  1.000
221.0  0.143E-17  1.000
223.5  0.125E-17  1.000
226.0  0.108E-17  1.000
228.6  0.915E-18  1.000
231.3  0.777E-18  1.000
234.0  0.660E-18  1.000
236.7  0.552E-18  1.000
239.6  0.444E-18  1.000
242.5  0.358E-18  1.000
245.4  0.289E-18  1.000
248.5  0.226E-18  1.000
251.6  0.176E-18  1.000
254.8  0.136E-18  1.000
258.2  0.101E-18  1.000
261.5  0.763E-19  1.000
265.0  0.575E-19  1.000
268.5  0.415E-19  1.000
272.2  0.295E-19  1.000
275.9  0.231E-19  1.000
279.8  0.193E-19  1.000
283.7  0.154E-19  1.000
287.8  0.114E-19  1.000
292.0  0.721E-20  1.000
296.3  0.398E-20  1.000
300.5  0.654E-20  1.000
303.0  0.925E-20  1.000
304.0  0.104E-19  1.000
305.0  0.157E-19  1.000
306.0  0.129E-19  1.000
307.0  0.916E-20  1.000
308.0  0.145E-19  1.000
309.0  0.201E-19  1.000
310.0  0.151E-19  1.000
311.0  0.207E-19  1.000
312.0  0.242E-19  1.000
313.0  0.225E-19  1.000
314.0  0.335E-19  1.000
316.0  0.161E-19  1.000
320.0  0.466E-19  1.000
325.0  0.405E-19  1.000
330.0  0.992E-19  1.000
335.0  0.771E-19  1.000
340.0  0.779E-19  1.000
345.0  0.877E-19  1.000
350.0  0.906E-19  1.000
355.0  0.276E-18  1.000
360.0  0.687E-19  1.000
365.0  0.128E-18  1.000
370.0  0.151E-18  1.000
375.0  0.355E-19  1.000
380.0  0.721E-19  1.000
385.0  0.161E-18  1.000
390.0  0.171E-19  1.000
395.0  0.403E-20  1.000
400.0  0.000E+00  1.000
405.0  0.000E+00  1.000
410.0  0.000E+00  1.000
415.0  0.000E+00  1.000
420.0  0.000E+00  1.000
425.0  0.000E+00  1.000
430.0  0.000E+00  1.000
435.0  0.000E+00  1.000
440.0  0.000E+00  1.000
445.0  0.000E+00  1.000
450.0  0.000E+00  1.000
455.0  0.000E+00  1.000
460.0  0.000E+00  1.000
465.0  0.000E+00  1.000
470.0  0.000E+00  1.000
475.0  0.000E+00  1.000
480.0  0.000E+00  1.000
485.0  0.000E+00  1.000
490.0  0.000E+00  1.000
495.0  0.000E+00  1.000
500.0  0.000E+00  1.000
505.0  0.000E+00  1.000
510.0  0.000E+00  1.000
515.0  0.000E+00  1.000
520.0  0.000E+00  1.000
525.0  0.000E+00  1.000
530.0  0.000E+00  1.000
535.0  0.000E+00  1.000
540.0  0.000E+00  1.000
545.0  0.000E+00  1.000
550.0  0.000E+00  1.000
555.0  0.000E+00  1.000
560.0  0.000E+00  1.000
565.0  0.000E+00  1.000
570.0  0.000E+00  1.000
575.0  0.000E+00  1.000
580.0  0.000E+00  1.000
585.0  0.000E+00  1.000
590.0  0.000E+00  1.000
595.0  0.000E+00  1.000
600.0  0.000E+00  1.000
605.0  0.000E+00  1.000
610.0  0.000E+00  1.000
615.0  0.000E+00  1.000
620.0  0.000E+00  1.000
625.0  0.000E+00  1.000
630.0  0.000E+00  1.000
635.0  0.000E+00  1.000
640.0  0.000E+00  1.000
644.8  0.000E+00  1.000
651.0  0.000E+00  1.000
660.0  0.000E+00  1.000
670.0  0.000E+00  1.000
680.0  0.000E+00  1.000
690.0  0.000E+00  1.000
700.0  0.000E+00  1.000
710.0  0.000E+00  1.000
720.0  0.000E+00  1.000
730.0  0.000E+00  1.000
