HPALD
! HPALD total photolysis
! Absorption cross sections based on MACR, with unity quantum yield
! Peeters and Muller
! PCCP, 12, 14227-14235 (2010)
Points (the mechanism evaluated with this format)
! With FAC, units are (cm^2/molecule)
FAC=1.0
250.0       2.070E-21           1.0000
251.0       1.940E-21           1.0000
252.0       1.870E-21           1.0000
253.0       1.800E-21           1.0000
254.0       1.780E-21           1.0000
255.0       1.770E-21           1.0000
256.0       1.800E-21           1.0000
257.0       1.800E-21           1.0000
258.0       1.860E-21           1.0000
259.0       1.930E-21           1.0000
260.0       2.010E-21           1.0000
261.0       2.110E-21           1.0000
262.0       2.240E-21           1.0000
263.0       2.410E-21           1.0000
264.0       2.630E-21           1.0000
265.0       2.830E-21           1.0000
266.0       3.050E-21           1.0000
267.0       3.330E-21           1.0000
268.0       3.630E-21           1.0000
269.0       3.980E-21           1.0000
270.0       4.360E-21           1.0000
271.0       4.790E-21           1.0000
272.0       5.200E-21           1.0000
273.0       5.670E-21           1.0000
274.0       6.160E-21           1.0000
275.0       6.730E-21           1.0000
276.0       7.320E-21           1.0000
277.0       7.930E-21           1.0000
278.0       8.630E-21           1.0000
279.0       9.360E-21           1.0000
280.0       1.010E-20           1.0000
281.0       1.090E-20           1.0000
282.0       1.180E-20           1.0000
283.0       1.260E-20           1.0000
284.0       1.350E-20           1.0000
285.0       1.450E-20           1.0000
286.0       1.560E-20           1.0000
287.0       1.670E-20           1.0000
288.0       1.790E-20           1.0000
289.0       1.900E-20           1.0000
290.0       2.030E-20           1.0000
291.0       2.160E-20           1.0000
292.0       2.280E-20           1.0000
293.0       2.400E-20           1.0000
294.0       2.520E-20           1.0000
295.0       2.680E-20           1.0000
296.0       2.850E-20           1.0000
297.0       2.990E-20           1.0000
298.0       3.130E-20           1.0000
299.0       3.260E-20           1.0000
300.0       3.440E-20           1.0000
301.0       3.610E-20           1.0000
302.0       3.760E-20           1.0000
303.0       3.910E-20           1.0000
304.0       4.040E-20           1.0000
305.0       4.190E-20           1.0000
306.0       4.400E-20           1.0000
307.0       4.580E-20           1.0000
308.0       4.710E-20           1.0000
309.0       4.810E-20           1.0000
310.0       4.920E-20           1.0000
311.0       5.130E-20           1.0000
312.0       5.350E-20           1.0000
313.0       5.500E-20           1.0000
314.0       5.610E-20           1.0000
315.0       5.700E-20           1.0000
316.0       5.870E-20           1.0000
317.0       6.040E-20           1.0000
318.0       6.190E-20           1.0000
319.0       6.280E-20           1.0000
320.0       6.270E-20           1.0000
321.0       6.180E-20           1.0000
322.0       6.210E-20           1.0000
323.0       6.340E-20           1.0000
324.0       6.580E-20           1.0000
325.0       6.740E-20           1.0000
326.0       6.730E-20           1.0000
327.0       6.680E-20           1.0000
328.0       6.830E-20           1.0000
329.0       7.070E-20           1.0000
330.0       7.150E-20           1.0000
331.0       7.160E-20           1.0000
332.0       7.030E-20           1.0000
333.0       6.690E-20           1.0000
334.0       6.410E-20           1.0000
335.0       6.080E-20           1.0000
336.0       5.970E-20           1.0000
337.0       6.250E-20           1.0000
338.0       6.380E-20           1.0000
339.0       6.370E-20           1.0000
340.0       6.240E-20           1.0000
341.0       6.020E-20           1.0000
342.0       5.980E-20           1.0000
343.0       6.580E-20           1.0000
344.0       6.790E-20           1.0000
345.0       6.530E-20           1.0000
346.0       6.110E-20           1.0000
347.0       5.630E-20           1.0000
348.0       5.220E-20           1.0000
349.0       4.550E-20           1.0000
350.0       4.160E-20           1.0000
351.0       3.850E-20           1.0000
352.0       3.890E-20           1.0000
353.0       4.350E-20           1.0000
354.0       4.310E-20           1.0000
355.0       4.140E-20           1.0000
356.0       3.620E-20           1.0000
357.0       3.530E-20           1.0000
358.0       3.460E-20           1.0000
359.0       3.810E-20           1.0000
360.0       5.050E-20           1.0000
361.0       4.280E-20           1.0000
362.0       3.610E-20           1.0000
363.0       2.860E-20           1.0000
364.0       2.680E-20           1.0000
365.0       2.330E-20           1.0000
366.0       1.920E-20           1.0000
367.0       1.620E-20           1.0000
368.0       1.400E-20           1.0000
369.0       1.310E-20           1.0000
370.0       1.420E-20           1.0000
371.0       1.670E-20           1.0000
372.0       1.530E-20           1.0000
373.0       1.430E-20           1.0000
374.0       1.080E-20           1.0000
375.0       9.770E-21           1.0000
376.0       1.000E-20           1.0000
377.0       1.070E-20           1.0000
378.0       1.350E-20           1.0000
379.0       2.180E-20           1.0000
380.0       1.300E-20           1.0000
381.0       9.840E-21           1.0000
382.0       5.550E-21           1.0000
383.0       4.560E-21           1.0000
384.0       3.640E-21           1.0000
385.0       3.310E-21           1.0000
386.0       2.460E-21           1.0000
387.0       2.050E-21           1.0000
388.0       1.810E-21           1.0000
389.0       1.610E-21           1.0000
390.0       1.470E-21           1.0000
391.0       1.560E-21           1.0000
392.0       1.590E-21           1.0000
393.0       1.530E-21           1.0000
394.0       1.490E-21           1.0000
395.0       1.230E-21           1.0000
