I2_IUPAC10
! I2 + HV = 2*I
! I2 Photolysis data
! Supplied by Golam Sarwar 
! Created from IUPAC dataset
Points (these data can be treated as point values)
! With FAC, units are (cm^2/molecule)
FAC=1.0
400.0 2.900E-20 1.000
405.0 3.800E-20 1.000
410.0 4.300E-20 1.000
415.0 5.300E-20 1.000
420.0 5.800E-20 1.000
425.0 8.100E-20 1.000
430.0 1.330E-19 1.000
435.0 1.530E-19 1.000
440.0 1.990E-19 1.000
445.0 2.530E-19 1.000
450.0 3.270E-19 1.000
455.0 4.320E-19 1.000
460.0 5.600E-19 1.000
465.0 7.090E-19 1.000
470.0 8.800E-19 1.000
475.0 1.070E-18 1.000
480.0 1.290E-18 1.000
485.0 1.520E-18 1.000
490.0 1.750E-18 1.000
495.0 2.000E-18 1.000
500.0 2.240E-18 1.000
505.0 2.450E-18 1.000
510.0 2.620E-18 1.000
515.0 2.760E-18 1.000
520.0 2.780E-18 1.000
525.0 2.850E-18 1.000
530.0 2.820E-18 1.000
535.0 2.750E-18 1.000
540.0 2.600E-18 1.000
545.0 2.410E-18 1.000
550.0 2.250E-18 1.000
555.0 2.020E-18 1.000
560.0 1.740E-18 1.000
565.0 1.540E-18 1.000
570.0 1.280E-18 1.000
575.0 9.550E-19 1.000
580.0 9.120E-19 1.000
585.0 7.290E-19 1.000
590.0 6.440E-19 1.000
595.0 5.880E-19 1.000
600.0 4.660E-19 1.000
605.0 4.220E-19 1.000
610.0 4.000E-19 1.000
615.0 3.360E-19 1.000
620.0 3.000E-19 1.000
625.0 2.760E-19 1.000
630.0 2.740E-19 1.000
635.0 2.220E-19 1.000
640.0 2.330E-19 1.000
645.0 2.220E-19 1.000
650.0 2.120E-19 1.000
655.0 2.030E-19 1.000
660.0 1.860E-19 1.000
665.0 1.700E-19 1.000
670.0 1.740E-19 1.000
675.0 1.560E-19 1.000
680.0 1.460E-19 1.000
685.0 1.370E-19 1.000
690.0 1.260E-19 1.000
695.0 1.060E-19 1.000
700.0 1.010E-19 1.000
705.0 7.400E-20 1.000
710.0 6.300E-20 1.000
715.0 5.900E-20 1.000
720.0 5.400E-20 1.000
725.0 3.100E-20 1.000