IBR_IUPAC10
! IBR + HV = I + BR
! IBR Photolysis data (QY assumed)
! Supplied by Golam Sarwar 
! Created from IUPAC dataset
Points (these data can be treated as point values)
! With FAC, units are (cm^2/molecule)
FAC=1.0
220.0	3.590E-20 1.000
230.0	5.700E-20 1.000	
240.0	1.021E-19 1.000	
250.0	1.671E-19 1.000	
260.0	2.145E-19 1.000	
270.0	2.309E-19 1.000	
280.0	2.110E-19 1.000	
290.0	1.682E-19 1.000	
300.0	1.243E-19 1.000	
310.0	7.950E-20 1.000	
320.0	5.390E-20 1.000	
330.0	3.360E-20 1.000	
340.0	2.140E-20 1.000	
350.0	1.450E-20 1.000	
360.0	1.530E-20 1.000	
370.0	2.370E-20 1.000	
380.0	4.170E-20 1.000	
390.0	6.960E-20 1.000	
400.0	1.200E-19 1.000	
410.0	2.046E-19 1.000		
420.0	3.173E-19 1.000
430.0	4.477E-19 1.000
440.0	5.869E-19 1.000
450.0	7.192E-19 1.000
460.0	8.518E-19 1.000
470.0	9.849E-19 1.000
480.0	1.111E-18 1.000
490.0	1.198E-18 1.000
500.0	1.216E-18 1.000
510.0	1.159E-18 1.000
520.0	1.030E-18 1.000
530.0	8.583E-19 1.000
540.0	6.752E-19 1.000
550.0	5.234E-19 1.000
560.0	3.663E-19 1.000
570.0	2.722E-19 1.000
580.0	1.988E-19 1.000
590.0	1.457E-19 1.000
600.0	1.132E-19 1.000