IC3ONO2
! I-C3H7ONO2 + HV = PRODUCTS
! SAPRC-99 Photolysis data.  Supplied by William P. L. Carter.
! Created from PhotDat.xls on 29-Jan-2000 10:07
Points (the mechanism was evaluated assuming this format)
! With FAC, units are (cm^2/molecule)
FAC=1.0
185.0 1.790E-17 1.000
188.0 1.810E-17 1.000
190.0 1.790E-17 1.000
195.0 1.610E-17 1.000
200.0 1.260E-17 1.000
205.0 8.670E-18 1.000
210.0 4.980E-18 1.000
215.0 2.470E-18 1.000
220.0 1.170E-18 1.000
225.0 5.800E-19 1.000
230.0 3.100E-19 1.000
235.0 1.800E-19 1.000
240.0 1.100E-19 1.000
245.0 7.000E-20 1.000
250.0 5.700E-20 1.000
255.0 5.200E-20 1.000
260.0 4.900E-20 1.000
265.0 4.600E-20 1.000
270.0 4.100E-20 1.000
275.0 3.600E-20 1.000
280.0 2.900E-20 1.000
285.0 2.300E-20 1.000
290.0 1.700E-20 1.000
295.0 1.200E-20 1.000
300.0 8.100E-21 1.000
305.0 5.200E-21 1.000
310.0 3.200E-21 1.000
315.0 1.900E-21 1.000
320.0 1.100E-21 1.000
325.0 6.100E-22 1.000
330.0 3.700E-22 1.000
335.0 0.000E+00 1.000
