KET_JGR19
! KET = 1.5*ETHP + 0.5*ACO3 + 0.5*CO                                      
! Absorption x-section composition of three ketobe from Brewer et al., 2019                                                  
!      Brewer,J.F. Papanastasiou,D.K.,Burkholder,J.B.,Fischer,E.V.,Ren,Y.,Mellouki,A.,Ravishankara,A.R.(2019).
!      Atmospheric photolysis of methyl ethyl, diethyl, and propyl ethylketones: Temperature-dependent 
!      UV absorption cross sections. Journal of Geophysical Research: Atmospheres,124, 5906-5918. 
!      https://doi.org/10.1029/2019JD030391
! Quantum yield from Raben and Moortgat, 1996                                                                 
!    1) W.H. Raben, G.K. Moortgat, in: J. Baker (Ed.), Progress and Problems in Atmospheric Chemistry,
!       World Scientific, Singapore, 1996, pp. 318-373
!    2) IUPAC datasheet P8 (5th December 2005)
! Supplied by Drs. William Stockwell and Emily Saunders, reformatted by Dr. Golam Sarwar to make it compatible with CMAQ
Points 
! With FAC, units are (cm^2/molecule)
FAC=1.0
200	1.06E-19	0.34
201	8.77E-20	0.34
202	3.38E-20	0.34
203	1.00E-20	0.34
204	4.43E-21	0.34
205	2.54E-21	0.34
206	1.46E-21	0.34
207	1.01E-21	0.34
208	8.96E-22	0.34
209	8.53E-22	0.34
210	8.44E-22	0.34
211	8.57E-22	0.34
212	8.78E-22	0.34
213	9.05E-22	0.34
214	9.45E-22	0.34
215	1.01E-21	0.34
216	1.06E-21	0.34
217	1.12E-21	0.34
218	1.20E-21	0.34
219	1.29E-21	0.34
220	1.40E-21	0.34
221	1.52E-21	0.34
222	1.68E-21	0.34
223	1.83E-21	0.34
224	2.02E-21	0.34
225	2.23E-21	0.34
226	2.47E-21	0.34
227	2.74E-21	0.34
228	3.04E-21	0.34
229	3.38E-21	0.34
230	3.76E-21	0.34
231	4.17E-21	0.34
232	4.63E-21	0.34
233	5.14E-21	0.34
234	5.69E-21	0.34
235	6.30E-21	0.34
236	6.97E-21	0.34
237	7.68E-21	0.34
238	8.46E-21	0.34
239	9.31E-21	0.34
240	1.02E-20	0.34
241	1.12E-20	0.34
242	1.22E-20	0.34
243	1.33E-20	0.34
244	1.45E-20	0.34
245	1.58E-20	0.34
246	1.71E-20	0.34
247	1.84E-20	0.34
248	1.98E-20	0.34
249	2.13E-20	0.34
250	2.29E-20	0.34
251	2.46E-20	0.34
252	2.62E-20	0.34
253	2.79E-20	0.34
254	2.96E-20	0.34
255	3.14E-20	0.34
256	3.33E-20	0.34
257	3.52E-20	0.34
258	3.71E-20	0.34
259	3.89E-20	0.34
260	4.07E-20	0.34
261	4.25E-20	0.34
262	4.43E-20	0.34
263	4.62E-20	0.34
264	4.81E-20	0.34
265	4.98E-20	0.34
266	5.14E-20	0.34
267	5.29E-20	0.34
268	5.43E-20	0.34
269	5.57E-20	0.34
270	5.71E-20	0.34
271	5.84E-20	0.34
272	5.95E-20	0.34
273	6.05E-20	0.34
274	6.12E-20	0.34
275	6.19E-20	0.34
276	6.26E-20	0.34
277	6.31E-20	0.34
278	6.34E-20	0.34
279	6.34E-20	0.34
280	6.33E-20	0.34
281	6.31E-20	0.34
282	6.28E-20	0.34
283	6.25E-20	0.34
284	6.21E-20	0.34
285	6.15E-20	0.34
286	6.05E-20	0.34
287	5.93E-20	0.34
288	5.78E-20	0.34
289	5.63E-20	0.34
290	5.49E-20	0.34
291	5.37E-20	0.34
292	5.24E-20	0.34
293	5.10E-20	0.34
294	4.93E-20	0.34
295	4.72E-20	0.34
296	4.49E-20	0.34
297	4.25E-20	0.34
298	4.03E-20	0.34
299	3.83E-20	0.34
300	3.65E-20	0.34
301	3.47E-20	0.34
302	3.30E-20	0.34
303	3.10E-20	0.34
304	2.88E-20	0.34
305	2.65E-20	0.34
306	2.41E-20	0.34
307	2.19E-20	0.34
308	1.99E-20	0.34
309	1.81E-20	0.34
310	1.65E-20	0.34
311	1.51E-20	0.34
312	1.38E-20	0.34
313	1.24E-20	0.34
314	1.11E-20	0.34
315	9.70E-21	0.34
316	8.38E-21	0.34
317	7.17E-21	0.34
318	6.09E-21	0.34
319	5.16E-21	0.34
320	4.37E-21	0.34
321	3.68E-21	0.34
322	3.08E-21	0.34
323	2.56E-21	0.34
324	2.13E-21	0.34
325	1.76E-21	0.34
326	1.44E-21	0.34
327	1.18E-21	0.34
328	9.62E-22	0.34
329	7.85E-22	0.34
330	6.31E-22	0.34
331	5.13E-22	0.34
332	4.13E-22	0.34
333	3.33E-22	0.34
334	2.70E-22	0.34
335	2.20E-22	0.34
