KETONE
! Methyl Ethyl Ketone Absorption Cross Sections
! SAPRC-99 Photolysis data.  Supplied by William P. L. Carter.
! Created from PhotDat.xls on 29-Jan-2000 10:07
Points (the mechanism was evaluated assuming this format)
! With FAC, units are (cm^2/molecule)
FAC=1.0
198.5 3.950E-19 1.000
199.0 1.610E-19 1.000
199.5 7.750E-20 1.000
200.0 3.760E-20 1.000
200.5 2.510E-20 1.000
201.0 1.830E-20 1.000
201.5 1.360E-20 1.000
202.0 1.160E-20 1.000
202.5 8.970E-21 1.000
203.0 4.620E-21 1.000
203.5 3.180E-21 1.000
204.0 2.420E-21 1.000
204.5 2.010E-21 1.000
205.0 1.770E-21 1.000
205.5 1.640E-21 1.000
206.0 1.540E-21 1.000
206.5 1.520E-21 1.000
207.0 1.540E-21 1.000
207.5 1.620E-21 1.000
208.0 1.640E-21 1.000
208.5 1.600E-21 1.000
209.0 1.570E-21 1.000
209.5 1.490E-21 1.000
210.0 1.470E-21 1.000
210.5 1.520E-21 1.000
211.0 1.500E-21 1.000
211.5 1.620E-21 1.000
212.0 1.810E-21 1.000
212.5 2.100E-21 1.000
213.0 2.230E-21 1.000
213.5 2.060E-21 1.000
214.0 1.690E-21 1.000
214.5 1.490E-21 1.000
215.0 1.420E-21 1.000
215.5 1.420E-21 1.000
216.0 1.420E-21 1.000
216.5 1.480E-21 1.000
217.0 1.480E-21 1.000
217.5 1.530E-21 1.000
218.0 1.560E-21 1.000
218.5 1.670E-21 1.000
219.0 1.680E-21 1.000
219.5 1.780E-21 1.000
220.0 1.850E-21 1.000
220.5 1.920E-21 1.000
221.0 2.010E-21 1.000
221.5 2.110E-21 1.000
222.0 2.230E-21 1.000
222.5 2.330E-21 1.000
223.0 2.480E-21 1.000
223.5 2.600E-21 1.000
224.0 2.740E-21 1.000
224.5 2.850E-21 1.000
225.0 3.040E-21 1.000
225.5 3.150E-21 1.000
226.0 3.330E-21 1.000
226.5 3.550E-21 1.000
227.0 3.730E-21 1.000
227.5 3.930E-21 1.000
228.0 4.110E-21 1.000
228.5 4.340E-21 1.000
229.0 4.560E-21 1.000
229.5 4.750E-21 1.000
230.0 5.010E-21 1.000
230.5 5.270E-21 1.000
231.0 5.530E-21 1.000
231.5 5.830E-21 1.000
232.0 6.150E-21 1.000
232.5 6.450E-21 1.000
233.0 6.730E-21 1.000
233.5 7.020E-21 1.000
234.0 7.420E-21 1.000
234.5 7.830E-21 1.000
235.0 8.110E-21 1.000
235.5 8.450E-21 1.000
236.0 8.820E-21 1.000
236.5 9.210E-21 1.000
237.0 9.650E-21 1.000
237.5 1.000E-20 1.000
238.0 1.050E-20 1.000
238.5 1.100E-20 1.000
239.0 1.150E-20 1.000
239.5 1.200E-20 1.000
240.0 1.230E-20 1.000
240.5 1.280E-20 1.000
241.0 1.320E-20 1.000
241.5 1.380E-20 1.000
242.0 1.440E-20 1.000
242.5 1.500E-20 1.000
243.0 1.570E-20 1.000
243.5 1.630E-20 1.000
244.0 1.680E-20 1.000
244.5 1.750E-20 1.000
245.0 1.810E-20 1.000
245.5 1.880E-20 1.000
246.0 1.960E-20 1.000
246.5 2.030E-20 1.000
247.0 2.110E-20 1.000
247.5 2.190E-20 1.000
248.0 2.250E-20 1.000
248.5 2.330E-20 1.000
249.0 2.400E-20 1.000
249.5 2.480E-20 1.000
250.0 2.560E-20 1.000
250.5 2.640E-20 1.000
251.0 2.730E-20 1.000
251.5 2.810E-20 1.000
252.0 2.880E-20 1.000
252.5 2.980E-20 1.000
253.0 3.070E-20 1.000
253.5 3.160E-20 1.000
254.0 3.250E-20 1.000
254.5 3.340E-20 1.000
255.0 3.430E-20 1.000
255.5 3.510E-20 1.000
256.0 3.590E-20 1.000
256.5 3.670E-20 1.000
257.0 3.750E-20 1.000
257.5 3.840E-20 1.000
258.0 3.940E-20 1.000
258.5 4.030E-20 1.000
259.0 4.130E-20 1.000
259.5 4.220E-20 1.000
260.0 4.280E-20 1.000
260.5 4.330E-20 1.000
261.0 4.410E-20 1.000
261.5 4.490E-20 1.000
262.0 4.570E-20 1.000
262.5 4.650E-20 1.000
263.0 4.720E-20 1.000
263.5 4.780E-20 1.000
264.0 4.850E-20 1.000
264.5 4.920E-20 1.000
265.0 4.990E-20 1.000
265.5 5.040E-20 1.000
266.0 5.120E-20 1.000
266.5 5.220E-20 1.000
267.0 5.280E-20 1.000
267.5 5.340E-20 1.000
268.0 5.410E-20 1.000
268.5 5.460E-20 1.000
269.0 5.510E-20 1.000
269.5 5.550E-20 1.000
270.0 5.590E-20 1.000
270.5 5.630E-20 1.000
271.0 5.660E-20 1.000
271.5 5.700E-20 1.000
272.0 5.740E-20 1.000
272.5 5.780E-20 1.000
273.0 5.810E-20 1.000
273.5 5.860E-20 1.000
274.0 5.900E-20 1.000
274.5 5.930E-20 1.000
275.0 5.960E-20 1.000
275.5 5.970E-20 1.000
276.0 5.980E-20 1.000
276.5 5.980E-20 1.000
277.0 5.990E-20 1.000
277.5 5.990E-20 1.000
278.0 5.980E-20 1.000
278.5 5.960E-20 1.000
279.0 5.960E-20 1.000
279.5 5.950E-20 1.000
280.0 5.940E-20 1.000
280.5 5.920E-20 1.000
281.0 5.900E-20 1.000
281.5 5.880E-20 1.000
282.0 5.860E-20 1.000
282.5 5.830E-20 1.000
283.0 5.790E-20 1.000
283.5 5.750E-20 1.000
284.0 5.710E-20 1.000
284.5 5.670E-20 1.000
285.0 5.610E-20 1.000
285.5 5.560E-20 1.000
286.0 5.510E-20 1.000
286.5 5.450E-20 1.000
287.0 5.410E-20 1.000
287.5 5.370E-20 1.000
288.0 5.330E-20 1.000
288.5 5.270E-20 1.000
289.0 5.210E-20 1.000
289.5 5.150E-20 1.000
290.0 5.080E-20 1.000
290.5 4.990E-20 1.000
291.0 4.890E-20 1.000
291.5 4.820E-20 1.000
292.0 4.730E-20 1.000
292.5 4.620E-20 1.000
293.0 4.530E-20 1.000
293.5 4.410E-20 1.000
294.0 4.320E-20 1.000
294.5 4.230E-20 1.000
295.0 4.150E-20 1.000
295.5 4.110E-20 1.000
296.0 4.010E-20 1.000
296.5 3.940E-20 1.000
297.0 3.880E-20 1.000
297.5 3.770E-20 1.000
298.0 3.690E-20 1.000
298.5 3.630E-20 1.000
299.0 3.540E-20 1.000
299.5 3.460E-20 1.000
300.0 3.360E-20 1.000
300.5 3.240E-20 1.000
301.0 3.160E-20 1.000
301.5 3.060E-20 1.000
302.0 2.950E-20 1.000
302.5 2.820E-20 1.000
303.0 2.700E-20 1.000
303.5 2.590E-20 1.000
304.0 2.490E-20 1.000
304.5 2.420E-20 1.000
305.0 2.340E-20 1.000
305.5 2.280E-20 1.000
306.0 2.190E-20 1.000
306.5 2.110E-20 1.000
307.0 2.040E-20 1.000
307.5 1.930E-20 1.000
308.0 1.880E-20 1.000
308.5 1.800E-20 1.000
309.0 1.730E-20 1.000
309.5 1.660E-20 1.000
310.0 1.580E-20 1.000
310.5 1.480E-20 1.000
311.0 1.420E-20 1.000
311.5 1.340E-20 1.000
312.0 1.260E-20 1.000
312.5 1.170E-20 1.000
313.0 1.130E-20 1.000
313.5 1.080E-20 1.000
314.0 1.040E-20 1.000
314.5 9.690E-21 1.000
315.0 8.910E-21 1.000
315.5 8.610E-21 1.000
316.0 7.880E-21 1.000
316.5 7.250E-21 1.000
317.0 6.920E-21 1.000
317.5 6.430E-21 1.000
318.0 6.070E-21 1.000
318.5 5.640E-21 1.000
319.0 5.190E-21 1.000
319.5 4.660E-21 1.000
320.0 4.360E-21 1.000
320.5 3.950E-21 1.000
321.0 3.640E-21 1.000
321.5 3.380E-21 1.000
322.0 3.170E-21 1.000
322.5 2.800E-21 1.000
323.0 2.620E-21 1.000
323.5 2.290E-21 1.000
324.0 2.130E-21 1.000
324.5 1.930E-21 1.000
325.0 1.700E-21 1.000
325.5 1.580E-21 1.000
326.0 1.480E-21 1.000
326.5 1.240E-21 1.000
327.0 1.200E-21 1.000
327.5 1.040E-21 1.000
328.0 9.510E-22 1.000
328.5 8.440E-22 1.000
329.0 7.260E-22 1.000
329.5 6.700E-22 1.000
330.0 6.080E-22 1.000
330.5 5.150E-22 1.000
331.0 4.560E-22 1.000
331.5 4.130E-22 1.000
332.0 3.560E-22 1.000
332.5 3.300E-22 1.000
333.0 2.970E-22 1.000
333.5 2.670E-22 1.000
334.0 2.460E-22 1.000
334.5 2.210E-22 1.000
335.0 1.930E-22 1.000
335.5 1.560E-22 1.000
336.0 1.470E-22 1.000
336.5 1.370E-22 1.000
337.0 1.270E-22 1.000
337.5 1.190E-22 1.000
338.0 1.090E-22 1.000
338.5 1.010E-22 1.000
339.0 9.090E-23 1.000
339.5 8.220E-23 1.000
340.0 7.660E-23 1.000
340.5 7.430E-23 1.000
341.0 6.830E-23 1.000
341.5 6.720E-23 1.000
342.0 6.040E-23 1.000
342.5 4.780E-23 1.000
343.0 0.000E+00 1.000
