MEK_JGR19
! MEK = 0.10*MO2 + ETHP + 0.9*ACO3 + 0.1*CO                                       
! Absorption x-section composition of three ketobe from Brewer et al., 2019
!      Brewer,J.F. Papanastasiou,D.K.,Burkholder,J.B.,Fischer,E.V.,Ren,Y.,Mellouki,A.,Ravishankara,A.R.(2019).
!      Atmospheric photolysis of methyl ethyl, diethyl, and propyl ethylketones: Temperature-dependent
!      UV absorption cross sections. Journal of Geophysical Research: Atmospheres,124, 5906-5918.
!      https://doi.org/10.1029/2019JD030391
! Absorption x-section from Brewer et al., 2019                                                   
! Quantum yield from 
!    1) W.H. Raben, G.K. Moortgat, in: J. Baker (Ed.), Progress and Problems in Atmospheric Chemistry, 
!       World Scientific, Singapore, 1996, pp. 318-373 
!    2) IUPAC datasheet P8 (5th December 2005)
! Supplied by Drs. William Stockwell and Emily Saunders, reformatted by Dr. Golam Sarwar to make it compatible with CMAQ
Points 
! With FAC, units are (cm^2/molecule)
FAC=1.0
200	2.92E-20	0.34
201	1.46E-20	0.34
202	9.60E-21	0.34
203	4.68E-21	0.34
204	2.42E-21	0.34
205	1.89E-21	0.34
206	1.70E-21	0.34
207	1.62E-21	0.34
208	1.56E-21	0.34
209	1.54E-21	0.34
210	1.53E-21	0.34
211	1.51E-21	0.34
212	1.55E-21	0.34
213	1.60E-21	0.34
214	1.69E-21	0.34
215	1.77E-21	0.34
216	1.82E-21	0.34
217	1.89E-21	0.34
218	1.98E-21	0.34
219	2.10E-21	0.34
220	2.25E-21	0.34
221	2.41E-21	0.34
222	2.60E-21	0.34
223	2.81E-21	0.34
224	3.04E-21	0.34
225	3.32E-21	0.34
226	3.62E-21	0.34
227	3.96E-21	0.34
228	4.32E-21	0.34
229	4.72E-21	0.34
230	5.17E-21	0.34
231	5.65E-21	0.34
232	6.18E-21	0.34
233	6.75E-21	0.34
234	7.38E-21	0.34
235	8.06E-21	0.34
236	8.79E-21	0.34
237	9.59E-21	0.34
238	1.04E-20	0.34
239	1.13E-20	0.34
240	1.23E-20	0.34
241	1.33E-20	0.34
242	1.44E-20	0.34
243	1.56E-20	0.34
244	1.68E-20	0.34
245	1.80E-20	0.34
246	1.94E-20	0.34
247	2.08E-20	0.34
248	2.22E-20	0.34
249	2.36E-20	0.34
250	2.51E-20	0.34
251	2.66E-20	0.34
252	2.83E-20	0.34
253	3.00E-20	0.34
254	3.16E-20	0.34
255	3.32E-20	0.34
256	3.48E-20	0.34
257	3.64E-20	0.34
258	3.81E-20	0.34
259	3.98E-20	0.34
260	4.16E-20	0.34
261	4.32E-20	0.34
262	4.46E-20	0.34
263	4.59E-20	0.34
264	4.72E-20	0.34
265	4.87E-20	0.34
266	5.01E-20	0.34
267	5.16E-20	0.34
268	5.28E-20	0.34
269	5.37E-20	0.34
270	5.45E-20	0.34
271	5.51E-20	0.34
272	5.58E-20	0.34
273	5.65E-20	0.34
274	5.72E-20	0.34
275	5.77E-20	0.34
276	5.80E-20	0.34
277	5.80E-20	0.34
278	5.79E-20	0.34
279	5.77E-20	0.34
280	5.75E-20	0.34
281	5.72E-20	0.34
282	5.67E-20	0.34
283	5.61E-20	0.34
284	5.52E-20	0.34
285	5.43E-20	0.34
286	5.33E-20	0.34
287	5.23E-20	0.34
288	5.14E-20	0.34
289	5.03E-20	0.34
290	4.91E-20	0.34
291	4.75E-20	0.34
292	4.58E-20	0.34
293	4.39E-20	0.34
294	4.21E-20	0.34
295	4.05E-20	0.34
296	3.90E-20	0.34
297	3.76E-20	0.34
298	3.61E-20	0.34
299	3.45E-20	0.34
300	3.27E-20	0.34
301	3.07E-20	0.34
302	2.86E-20	0.34
303	2.66E-20	0.34
304	2.48E-20	0.34
305	2.30E-20	0.34
306	2.15E-20	0.34
307	2.00E-20	0.34
308	1.85E-20	0.34
309	1.71E-20	0.34
310	1.56E-20	0.34
311	1.41E-20	0.34
312	1.26E-20	0.34
313	1.12E-20	0.34
314	9.99E-21	0.34
315	8.86E-21	0.34
316	7.84E-21	0.34
317	6.89E-21	0.34
318	6.03E-21	0.34
319	5.24E-21	0.34
320	4.50E-21	0.34
321	3.83E-21	0.34
322	3.23E-21	0.34
323	2.71E-21	0.34
324	2.26E-21	0.34
325	1.87E-21	0.34
326	1.54E-21	0.34
327	1.26E-21	0.34
328	1.03E-21	0.34
329	8.32E-22	0.34
330	6.70E-22	0.34
331	5.38E-22	0.34
332	4.25E-22	0.34
333	3.44E-22	0.34
334	2.71E-22	0.34
335	2.19E-22	0.34
