MGLY_IUPAC10
! CH3COCHO + hv ---> CH3CO + HCO                        
! From IUPAC Subcommittee on Gas Kinetic Data Evaluation
! Data Sheet P6, updated 16th Jan, 2003                 
! These are point values                                
Begining (the mechanism evaluated with this format)
!WL(nm) XSEC(cm2) QY
FAC=1.0
275.0 4.413E-20 1.000
280.0 4.877E-20 1.000
285.0 4.719E-20 1.000
290.0 4.838E-20 1.000
295.0 4.362E-20 1.000
300.0 3.754E-20 1.000
305.0 3.361E-20 1.000
310.0 2.365E-20 1.000
315.0 1.891E-20 1.000
320.0 1.511E-20 1.000
325.0 9.380E-21 1.000
330.0 6.520E-21 1.000
335.0 4.820E-21 1.000
340.0 3.230E-21 1.000
345.0 3.000E-21 1.000
350.0 3.940E-21 1.000
355.0 5.600E-21 1.000
360.0 6.950E-21 1.000
365.0 1.077E-20 1.000
370.0 1.475E-20 1.000
375.0 1.911E-20 1.000
380.0 2.429E-20 1.000
385.0 3.221E-20 0.135
390.0 4.029E-20 0.112
395.0 4.732E-20 0.093
400.0 5.664E-20 0.078
401.0 5.900E-20 0.075
402.0 6.070E-20 0.072
403.0 6.350E-20 0.070
404.0 6.540E-20 0.068
405.0 6.910E-20 0.065
406.0 7.200E-20 0.063
407.0 7.580E-20 0.061
408.0 7.940E-20 0.059
409.0 8.120E-20 0.057
410.0 8.520E-20 0.055
411.0 8.630E-20 0.053
412.0 9.070E-20 0.051
413.0 9.370E-20 0.050
414.0 9.620E-20 0.048
415.0 9.680E-20 0.047
416.0 9.710E-20 0.045
417.0 1.004E-19 0.044
418.0 1.007E-19 0.042
419.0 1.012E-19 0.041
420.0 1.021E-19 0.040
421.0 1.034E-19 0.038
422.0 1.051E-19 0.037
423.0 1.045E-19 0.036
424.0 1.015E-19 0.035
425.0 1.034E-19 0.034
426.0 1.024E-19 0.033
427.0 9.840E-20 0.032
428.0 1.001E-19 0.031
429.0 9.940E-20 0.030
430.0 1.041E-19 0.029
431.0 1.053E-19 0.028
432.0 9.790E-20 0.027
433.0 1.064E-19 0.026
434.0 1.054E-19 0.026
435.0 1.081E-19 0.025
436.0 1.113E-19 0.024
437.0 9.990E-20 0.023
438.0 1.059E-19 0.023
439.0 1.101E-19 0.022
440.0 9.940E-20 0.022
441.0 1.039E-19 0.000
