MIB_IUPAC10
! MIB + HV = I + BR  
! MIB Photolysis data  
! Supplied by Golam Sarwar 
! Created from IUPAC dataset PI11
Points (these data can be treated as point values)
! With FAC, units are (cm^2/molecule)
FAC=1.0
215.0 5.670E-18 1.000
220.0 4.230E-18 1.000
225.0 2.690E-18 1.000
230.0 1.550E-18 1.000
235.0 9.790E-19 1.000
240.0 8.090E-19 1.000
245.0 9.370E-19 1.000
250.0 1.250E-18 1.000
255.0 1.700E-18 1.000
260.0 2.070E-18 1.000
265.0 2.280E-18 1.000
270.0 2.290E-18 1.000
275.0 2.140E-18 1.000
280.0 1.840E-18 1.000
285.0 1.500E-18 1.000
290.0 1.100E-18 1.000
295.0 8.250E-19 1.000
300.0 6.060E-19 1.000
305.0 4.290E-19 1.000
310.0 3.140E-19 1.000
315.0 2.310E-19 1.000
320.0 1.680E-19 1.000
325.0 1.150E-19 1.000
330.0 8.020E-20 1.000
335.0 5.520E-20 1.000
340.0 3.500E-20 1.000
345.0 2.240E-20 1.000
350.0 1.410E-20 1.000
355.0 8.170E-21 1.000
360.0 4.980E-21 1.000
365.0 3.020E-21 1.000
370.0 1.650E-21 1.000
375.0 9.800E-22 1.000
380.0 7.000E-22 1.000
385.0 3.900E-22 1.000
390.0 2.500E-22 1.000
