MIC_IUPAC10
! MIC + HV = I + CL  
! MIC Photolysis data  
! Supplied by Golam Sarwar 
! Created from IUPAC dataset PI10
Points (these data can be treated as point values)
! With FAC, units are (cm^2/molecule)
FAC=1.0
205.0 1.220E-18 1.000
210.0 3.910E-19 1.000
215.0 1.030E-19 1.000
220.0 7.000E-20 1.000
225.0 9.060E-20 1.000
230.0 1.380E-19 1.000
235.0 2.120E-19 1.000
240.0 3.180E-19 1.000
245.0 4.560E-19 1.000
250.0 6.290E-19 1.000
255.0 8.400E-19 1.000
260.0 1.050E-18 1.000
265.0 1.210E-18 1.000
270.0 1.270E-18 1.000
275.0 1.200E-18 1.000
280.0 1.030E-18 1.000
285.0 8.070E-19 1.000
290.0 5.810E-19 1.000
295.0 3.980E-19 1.000
300.0 2.590E-19 1.000
305.0 1.670E-19 1.000
310.0 1.090E-19 1.000
315.0 7.160E-20 1.000
320.0 4.790E-20 1.000
325.0 3.230E-20 1.000
330.0 2.140E-20 1.000
335.0 1.400E-20 1.000
340.0 9.050E-21 1.000
345.0 5.690E-21 1.000
350.0 3.500E-21 1.000
355.0 2.250E-21 1.000
360.0 1.380E-21 1.000
365.0 8.100E-22 1.000
370.0 4.800E-22 1.000
375.0 2.700E-22 1.000
380.0 1.700E-22 1.000
385.0 8.000E-23 1.000
390.0 6.000E-23 1.000
