N2O5_NO2_JPL11
! j(N2O5_NO2)                                   
! N2O5 = NO2 + NO3                                      
! Cross-section from JPL 2011
! Quantum Yields based on linear regression from available data
!    phi = 1                           for l < 221.11820
!    phi = -2.832441 + 0.012809638 * l for 221.11820 <= l <= 299.18441
!    phi = 0                           for l > 299.18441
Points (! These are point values)
! With FAC, units are (cm^2/molecule)
FAC=1.0
200.0 9.10E-18 0.000
202.0 8.42E-18 0.000
204.0 7.71E-18 0.000
206.0 6.82E-18 0.000
208.0 5.85E-18 0.000
210.0 4.45E-18 0.000
212.0 3.81E-18 0.000
214.0 3.22E-18 0.000
216.0 2.67E-18 0.000
218.0 2.20E-18 0.000
220.0 1.81E-18 0.000
222.0 1.51E-18 0.011
224.0 1.29E-18 0.037
226.0 1.13E-18 0.063
228.0 9.84E-19 0.088
230.0 8.82E-19 0.114
232.0 8.05E-19 0.139
234.0 7.40E-19 0.165
236.0 6.92E-19 0.191
238.0 6.46E-19 0.216
240.0 5.98E-19 0.242
242.0 5.31E-19 0.267
244.0 4.93E-19 0.293
246.0 4.56E-19 0.319
248.0 4.19E-19 0.344
250.0 3.86E-19 0.370
252.0 3.55E-19 0.396
254.0 3.26E-19 0.421
256.0 2.99E-19 0.447
258.0 2.75E-19 0.472
260.0 2.52E-19 0.498
262.0 2.31E-19 0.524
264.0 2.11E-19 0.549
266.0 1.94E-19 0.575
268.0 1.78E-19 0.601
270.0 1.62E-19 0.626
272.0 1.49E-19 0.652
274.0 1.37E-19 0.677
276.0 1.24E-19 0.703
278.0 1.14E-19 0.729
280.0 1.05E-19 0.754
282.0 9.59E-20 0.780
284.0 8.74E-20 0.805
286.0 7.94E-20 0.831
288.0 7.20E-20 0.857
290.0 6.52E-20 0.882
292.0 5.88E-20 0.908
294.0 5.29E-20 0.934
296.0 4.75E-20 0.959
298.0 4.26E-20 0.985
300.0 3.81E-20 1.000
302.0 3.40E-20 1.000
304.0 3.03E-20 1.000
306.0 2.70E-20 1.000
308.0 2.40E-20 1.000
310.0 2.13E-20 1.000
312.0 1.90E-20 1.000
314.0 1.68E-20 1.000
316.0 1.49E-20 1.000
318.0 1.33E-20 1.000
320.0 1.18E-20 1.000
322.0 1.05E-20 1.000
324.0 9.30E-21 1.000
326.0 8.26E-21 1.000
328.0 7.35E-21 1.000
330.0 6.54E-21 1.000
332.0 5.82E-21 1.000
334.0 5.18E-21 1.000
336.0 4.62E-21 1.000
338.0 4.12E-21 1.000
340.0 3.68E-21 1.000
342.0 3.28E-21 1.000
344.0 2.93E-21 1.000
346.0 2.62E-21 1.000
348.0 2.34E-21 1.000
350.0 2.10E-21 1.000
352.0 1.88E-21 1.000
354.0 1.67E-21 1.000
356.0 1.49E-21 1.000
358.0 1.33E-21 1.000
360.0 1.20E-21 1.000
362.0 1.07E-21 1.000
364.0 9.58E-22 1.000
366.0 8.52E-22 1.000
368.0 7.63E-22 1.000
370.0 6.85E-22 1.000
372.0 6.13E-22 1.000
374.0 5.45E-22 1.000
376.0 4.84E-22 1.000
378.0 4.31E-22 1.000
380.0 3.83E-22 1.000
382.0 3.41E-22 1.000
384.0 3.05E-22 1.000
386.0 2.73E-22 1.000
388.0 2.42E-22 1.000
390.0 2.15E-22 1.000
392.0 1.93E-22 1.000
394.0 1.72E-22 1.000
396.0 1.50E-22 1.000
398.0 1.34E-22 1.000
400.0 1.40E-22 1.000
410.0 9.00E-23 1.000
420.0 5.00E-23 1.000
