N2O5_IUPAC04
!N2O5 + HV = NO2 + NO3
! From IUPAC Subcommittee on Gas Kinetic Data Evaluation
! Data Sheet PNOx7_N2O5, updated 16th July 2001
! Website: http://www.iupac-kinetic.ch.cam.ac.uk/
!NASA JPL-2011 below 280nm
Points (! These are point values)
! With FAC, units are (cm^2/molecule)
FAC=1.0
200.0  9.10E-18  0.000
202.0  8.42E-18  0.000
204.0  7.71E-18  0.000
206.0  6.82E-18  0.000
208.0  5.85E-18  0.000
210.0  4.45E-18  0.000
212.0  3.81E-18  0.000
214.0  3.22E-18  0.000
216.0  2.67E-18  0.000
218.0  2.20E-18  0.000
220.0  1.81E-18  0.000
222.0  1.51E-18  0.011
224.0  1.29E-18  0.037
226.0  1.13E-18  0.063
228.0  9.84E-19  0.088
230.0  8.82E-19  0.114
232.0  8.05E-19  0.139
234.0  7.40E-19  0.165
236.0  6.92E-19  0.191
238.0  6.46E-19  0.216
240.0  5.98E-19  0.242
242.0  5.31E-19  0.267
244.0  4.93E-19  0.293
246.0  4.56E-19  0.319
248.0  4.19E-19  0.344
250.0  3.86E-19  0.370
252.0  3.55E-19  0.396
254.0  3.26E-19  0.421
256.0  2.99E-19  0.447
258.0  2.75E-19  0.472
260.0  2.52E-19  0.498
262.0  2.31E-19  0.524
264.0  2.11E-19  0.549
266.0  1.94E-19  0.575
268.0  1.78E-19  0.601
270.0  1.62E-19  0.626
272.0  1.49E-19  0.652
274.0  1.37E-19  0.677
276.0  1.24E-19  0.703
278.0  1.14E-19  0.729
280.0  1.110E-19  0.74
285.0  8.590E-20  0.79
290.0  6.710E-20  0.85
295.0  5.110E-20  0.93
300.0  3.870E-20  1.0
305.0  2.910E-20  1.0
310.0  2.170E-20  1.0
315.0  1.620E-20  1.0
320.0  1.210E-20  1.0
325.0  8.900E-21  1.0
330.0  6.700E-21  1.0
335.0  5.000E-21  1.0
340.0  3.800E-21  1.0
345.0  2.790E-21  1.0
350.0  2.150E-21  1.0
355.0  1.640E-21  1.0
360.0  1.240E-21  1.0
365.0  9.100E-22  1.0
370.0  7.200E-22  1.0
375.0  5.300E-22  1.0
380.0  4.100E-22  1.0
385.0  3.200E-22  1.0
390.0  2.280E-22  1.0
395.0  1.710E-22  1.0
400.0  1.380E-22  1.0
405.0  1.030E-22  1.0
410.0  8.000E-23  1.0
411.0  0.000E+00  1.0
415.0  0.000E+00  1.0
