NC3CHO_R_MCMv32
!n-C3H7CHO 298 K (n-butyraldehyde, n-butanal) photolysis cross-sections
! n-C3H7CHO --> C2H4 + CH3CHO:phi20 = 0.10 from 290 to 380 nm (1 bar, 298K)
!IUPAC 2002 Recommendation
!http://iupac.pole-ether.fr/htdocs/datasheets/pdf/P11_nC3H7CHO+hv.pdf
! R. D. Martinez, A. A. Buitrago, N. W. Howell, C. H. Hearn, and J. A. Joens, Atmos. Env. 26A, 785 (1992) 
!
!Photolysis QYs:  IUPAC 2002 Recommendation which are lower than
!    J. Tadic, I. Juranic and G. K. Moortgat, (2001). Pressure dependence of the photooxidation of selected 
!    carbonyl compounds in air: n-butanal and n-pentanal. J. Photchem. Photobiol. A: Chemisty, 143, 169-179.
!
!J15 in MCM v3.2:n-C3H7CHO --> n-C3H7  + HCO:phi10 = 0.21 from 290 to 380 nm (1 bar, 298K)
!Pressure Correction: phiX = 2.6468*phiX0/(1.81 + 1.931e-3*P[Torr]), X=1,2
!Scale Factor: 1.0
!
!wvl(nm) XC(cm^2) QY
Points 
! With FAC, units are (cm^2/molecule)
FAC=1.0
202.0 1.780E-22 0.210
206.0 3.160E-22 0.210
210.0 4.750E-22 0.210
214.0 6.230E-22 0.210
218.0 7.710E-22 0.210
222.0 8.500E-22 0.210
226.0 1.020E-21 0.210
230.0 1.330E-21 0.210
234.0 2.020E-21 0.210
238.0 3.160E-21 0.210
242.0 4.880E-21 0.210
246.0 7.240E-21 0.210
250.0 1.050E-20 0.210
254.0 1.450E-20 0.210
258.0 1.930E-20 0.210
262.0 2.520E-20 0.210
266.0 3.090E-20 0.210
270.0 3.810E-20 0.210
274.0 4.340E-20 0.210
278.0 5.020E-20 0.210
280.0 5.180E-20 0.210
281.0 5.220E-20 0.210
282.0 5.300E-20 0.210
283.0 5.450E-20 0.210
284.0 5.650E-20 0.210
285.0 5.810E-20 0.210
286.0 5.900E-20 0.210
287.0 5.890E-20 0.210
288.0 5.850E-20 0.210
289.0 5.800E-20 0.210
290.0 5.780E-20 0.210
291.0 5.830E-20 0.210
292.0 5.930E-20 0.210
293.0 6.050E-20 0.210
294.0 6.100E-20 0.210
295.0 6.030E-20 0.210
296.0 5.870E-20 0.210
297.0 5.690E-20 0.210
298.0 5.560E-20 0.210
299.0 5.460E-20 0.210
300.0 5.420E-20 0.210
301.0 5.430E-20 0.210
302.0 5.440E-20 0.210
303.0 5.430E-20 0.210
304.0 5.320E-20 0.210
305.0 5.080E-20 0.210
306.0 4.790E-20 0.210
307.0 4.500E-20 0.210
308.0 4.290E-20 0.210
309.0 4.150E-20 0.210
310.0 4.070E-20 0.210
311.0 4.000E-20 0.210
312.0 3.920E-20 0.210
313.0 3.820E-20 0.210
314.0 3.690E-20 0.210
315.0 3.460E-20 0.210
316.0 3.170E-20 0.210
317.0 2.850E-20 0.210
318.0 2.570E-20 0.210
319.0 2.370E-20 0.210
320.0 2.250E-20 0.210
321.0 2.180E-20 0.210
322.0 2.070E-20 0.210
323.0 1.960E-20 0.210
324.0 1.820E-20 0.210
325.0 1.690E-20 0.210
326.0 1.550E-20 0.210
327.0 1.390E-20 0.210
328.0 1.220E-20 0.210
329.0 1.040E-20 0.210
330.0 8.680E-21 0.210
331.0 7.340E-21 0.210
332.0 6.470E-21 0.210
333.0 6.020E-21 0.210
334.0 5.540E-21 0.210
335.0 4.850E-21 0.210
336.0 4.170E-21 0.210
337.0 3.460E-21 0.210
338.0 2.850E-21 0.210
339.0 2.420E-21 0.210
340.0 2.150E-21 0.210
341.0 1.910E-21 0.210
342.0 1.440E-21 0.210
343.0 9.300E-22 0.210
344.0 5.900E-22 0.210
345.0 4.100E-22 0.210
346.0 3.100E-22 0.210
347.0 2.600E-22 0.210
348.0 2.300E-22 0.210
349.0 1.800E-22 0.210
350.0 1.500E-22 0.210
351.0 1.400E-22 0.210
352.0 1.200E-22 0.210
353.0 1.000E-22 0.210
354.0 8.000E-23 0.210
355.0 6.000E-23 0.210
356.0 5.000E-23 0.210
357.0 4.000E-23 0.210
358.0 3.000E-23 0.210
359.0 2.000E-23 0.210
360.0 2.000E-23 0.210
361.0 2.000E-23 0.210
362.0 1.000E-23 0.210
363.0 1.000E-23 0.210
364.0 1.000E-23 0.210
