NO2
! NO2 + HV = NO + O
! SAPRC-99 Photolysis data.  Supplied by William P. L. Carter.
! Created from PhotDat.xls on 29-Jan-2000 10:07
! Au and Brion J (1997), J Chem. Phys. 218, 109-126 wavelength <205                                
Points (the mechanism was evaluated assuming this format)
! With FAC, units are (cm^2/molecule)
FAC=1.0
155.0 1.250e-17 1.000
165.3 1.160e-17 1.000
177.1 6.800e-18 1.000
190.8 1.800e-18 1.000
205.0 4.310E-19 1.000
210.0 4.720E-19 1.000
215.0 4.950E-19 1.000
220.0 4.560E-19 1.000
225.0 3.790E-19 1.000
230.0 2.740E-19 1.000
235.0 1.670E-19 1.000
240.0 9.310E-20 1.000
245.0 4.740E-20 1.000
250.0 2.480E-20 1.000
255.0 1.950E-20 1.000
260.0 2.240E-20 1.000
265.0 2.730E-20 1.000
270.0 4.110E-20 1.000
275.0 4.900E-20 1.000
280.0 5.920E-20 1.000
285.0 7.390E-20 1.000
290.0 9.000E-20 1.000
295.0 1.090E-19 1.000
300.0 1.310E-19 1.000
305.0 1.570E-19 1.000
310.0 1.860E-19 1.000
315.0 2.150E-19 0.990
320.0 2.480E-19 0.990
325.0 2.810E-19 0.990
330.0 3.130E-19 0.990
335.0 3.430E-19 0.990
340.0 3.800E-19 0.990
345.0 4.070E-19 0.990
350.0 4.310E-19 0.990
355.0 4.720E-19 0.990
360.0 4.830E-19 0.980
365.0 5.170E-19 0.980
370.0 5.320E-19 0.980
375.0 5.510E-19 0.980
380.0 5.640E-19 0.970
385.0 5.760E-19 0.970
390.0 5.930E-19 0.960
395.0 5.850E-19 0.935
400.0 6.020E-19 0.820
405.0 5.780E-19 0.355
410.0 6.000E-19 0.130
411.0 5.930E-19 0.110
412.0 5.860E-19 0.094
413.0 5.790E-19 0.083
414.0 5.720E-19 0.070
415.0 5.650E-19 0.059
416.0 5.680E-19 0.048
417.0 5.710E-19 0.039
418.0 5.750E-19 0.030
419.0 5.780E-19 0.023
420.0 5.810E-19 0.018
421.0 5.720E-19 0.012
422.0 5.640E-19 0.008
423.0 5.550E-19 0.004
424.0 5.470E-19 0.000
