NO3NO2
! NO3 + HV = NO2 + O (T=298)
! SAPRC-99 Photolysis data.  Supplied by William P. L. Carter.
! Created from PhotDat.xls on 29-Jan-2000 10:07
Points (the mechanism was evaluated assuming this format)
! With FAC, units are (cm^2/molecule)
FAC=1.0
400.0 0.000E+00 1.000
401.0 0.000E+00 1.000
402.0 0.000E+00 1.000
403.0 2.000E-20 1.000
404.0 0.000E+00 1.000
405.0 3.000E-20 1.000
406.0 2.000E-20 1.000
407.0 1.000E-20 1.000
408.0 3.000E-20 1.000
409.0 0.000E+00 1.000
410.0 1.000E-20 1.000
411.0 2.000E-20 1.000
412.0 5.000E-20 1.000
413.0 5.000E-20 1.000
414.0 2.000E-20 1.000
415.0 6.000E-20 1.000
416.0 6.000E-20 1.000
417.0 7.000E-20 1.000
418.0 5.000E-20 1.000
419.0 8.000E-20 1.000
420.0 8.000E-20 1.000
421.0 8.000E-20 1.000
422.0 9.000E-20 1.000
423.0 1.100E-19 1.000
424.0 9.000E-20 1.000
425.0 7.000E-20 1.000
426.0 1.400E-19 1.000
427.0 1.400E-19 1.000
428.0 1.200E-19 1.000
429.0 1.100E-19 1.000
430.0 1.700E-19 1.000
431.0 1.300E-19 1.000
432.0 1.500E-19 1.000
433.0 1.800E-19 1.000
434.0 1.800E-19 1.000
435.0 1.600E-19 1.000
436.0 1.500E-19 1.000
437.0 1.800E-19 1.000
438.0 2.100E-19 1.000
439.0 2.000E-19 1.000
440.0 1.900E-19 1.000
441.0 1.800E-19 1.000
442.0 2.100E-19 1.000
443.0 1.800E-19 1.000
444.0 1.900E-19 1.000
445.0 2.000E-19 1.000
446.0 2.400E-19 1.000
447.0 2.900E-19 1.000
448.0 2.400E-19 1.000
449.0 2.800E-19 1.000
450.0 2.900E-19 1.000
451.0 3.000E-19 1.000
452.0 3.300E-19 1.000
453.0 3.100E-19 1.000
454.0 3.600E-19 1.000
455.0 3.600E-19 1.000
456.0 3.600E-19 1.000
457.0 4.000E-19 1.000
458.0 3.700E-19 1.000
459.0 4.200E-19 1.000
460.0 4.000E-19 1.000
461.0 3.900E-19 1.000
462.0 4.000E-19 1.000
463.0 4.100E-19 1.000
464.0 4.800E-19 1.000
465.0 5.100E-19 1.000
466.0 5.400E-19 1.000
467.0 5.700E-19 1.000
468.0 5.600E-19 1.000
469.0 5.800E-19 1.000
470.0 5.900E-19 1.000
471.0 6.200E-19 1.000
472.0 6.400E-19 1.000
473.0 6.200E-19 1.000
474.0 6.200E-19 1.000
475.0 6.800E-19 1.000
476.0 7.800E-19 1.000
477.0 7.700E-19 1.000
478.0 7.300E-19 1.000
479.0 7.300E-19 1.000
480.0 7.000E-19 1.000
481.0 7.100E-19 1.000
482.0 7.100E-19 1.000
483.0 7.200E-19 1.000
484.0 7.700E-19 1.000
485.0 8.200E-19 1.000
486.0 9.100E-19 1.000
487.0 9.200E-19 1.000
488.0 9.500E-19 1.000
489.0 9.600E-19 1.000
490.0 1.030E-18 1.000
491.0 9.900E-19 1.000
492.0 9.900E-19 1.000
493.0 1.010E-18 1.000
494.0 1.010E-18 1.000
495.0 1.060E-18 1.000
496.0 1.210E-18 1.000
497.0 1.220E-18 1.000
498.0 1.200E-18 1.000
499.0 1.170E-18 1.000
500.0 1.130E-18 1.000
501.0 1.110E-18 1.000
502.0 1.110E-18 1.000
503.0 1.110E-18 1.000
504.0 1.260E-18 1.000
505.0 1.280E-18 1.000
506.0 1.340E-18 1.000
507.0 1.280E-18 1.000
508.0 1.270E-18 1.000
509.0 1.350E-18 1.000
510.0 1.510E-18 1.000
511.0 1.730E-18 1.000
512.0 1.770E-18 1.000
513.0 1.600E-18 1.000
514.0 1.580E-18 1.000
515.0 1.580E-18 1.000
516.0 1.560E-18 1.000
517.0 1.490E-18 1.000
518.0 1.440E-18 1.000
519.0 1.540E-18 1.000
520.0 1.680E-18 1.000
521.0 1.830E-18 1.000
522.0 1.930E-18 1.000
523.0 1.770E-18 1.000
524.0 1.640E-18 1.000
525.0 1.580E-18 1.000
526.0 1.630E-18 1.000
527.0 1.810E-18 1.000
528.0 2.100E-18 1.000
529.0 2.390E-18 1.000
530.0 2.230E-18 1.000
531.0 2.090E-18 1.000
532.0 2.020E-18 1.000
533.0 1.950E-18 1.000
534.0 2.040E-18 1.000
535.0 2.300E-18 1.000
536.0 2.570E-18 1.000
537.0 2.580E-18 1.000
538.0 2.340E-18 1.000
539.0 2.040E-18 1.000
540.0 2.100E-18 1.000
541.0 2.040E-18 1.000
542.0 1.880E-18 1.000
543.0 1.680E-18 1.000
544.0 1.700E-18 1.000
545.0 1.960E-18 1.000
546.0 2.420E-18 1.000
547.0 2.910E-18 1.000
548.0 2.980E-18 1.000
549.0 2.710E-18 1.000
550.0 2.480E-18 1.000
551.0 2.430E-18 1.000
552.0 2.470E-18 1.000
553.0 2.530E-18 1.000
554.0 2.780E-18 1.000
555.0 3.110E-18 1.000
556.0 3.260E-18 1.000
557.0 3.290E-18 1.000
558.0 3.510E-18 1.000
559.0 3.720E-18 1.000
560.0 3.320E-18 1.000
561.0 2.980E-18 1.000
562.0 2.900E-18 1.000
563.0 2.800E-18 1.000
564.0 2.720E-18 1.000
565.0 2.730E-18 1.000
566.0 2.850E-18 1.000
567.0 2.810E-18 1.000
568.0 2.850E-18 1.000
569.0 2.890E-18 1.000
570.0 2.790E-18 1.000
571.0 2.760E-18 1.000
572.0 2.740E-18 1.000
573.0 2.780E-18 1.000
574.0 2.860E-18 1.000
575.0 3.080E-18 1.000
576.0 3.270E-18 1.000
577.0 3.380E-18 1.000
578.0 3.310E-18 1.000
579.0 3.240E-18 1.000
580.0 3.340E-18 1.000
581.0 3.550E-18 1.000
582.0 3.280E-18 1.000
583.0 2.930E-18 1.000
584.0 2.820E-18 1.000
585.0 2.890E-18 1.000
586.0 3.320E-18 0.950
587.0 4.160E-18 0.900
588.0 5.040E-18 0.850
589.0 6.130E-18 0.800
590.0 5.960E-18 0.750
591.0 5.440E-18 0.720
592.0 5.110E-18 0.690
593.0 4.580E-18 0.660
594.0 4.190E-18 0.630
595.0 4.290E-18 0.600
596.0 4.620E-18 0.590
597.0 4.360E-18 0.580
598.0 3.670E-18 0.570
599.0 3.100E-18 0.560
600.0 2.760E-18 0.550
601.0 2.860E-18 0.540
602.0 3.320E-18 0.530
603.0 3.800E-18 0.520
604.0 4.370E-18 0.510
605.0 4.360E-18 0.400
606.0 3.320E-18 0.380
607.0 2.400E-18 0.360
608.0 1.850E-18 0.340
609.0 1.710E-18 0.320
610.0 1.770E-18 0.300
611.0 1.910E-18 0.290
612.0 2.230E-18 0.280
613.0 2.630E-18 0.270
614.0 2.550E-18 0.260
615.0 2.260E-18 0.250
616.0 2.090E-18 0.240
617.0 2.110E-18 0.230
618.0 2.390E-18 0.220
619.0 2.560E-18 0.210
620.0 3.270E-18 0.200
621.0 5.240E-18 0.190
622.0 1.020E-17 0.180
623.0 1.470E-17 0.170
624.0 1.210E-17 0.160
625.0 8.380E-18 0.150
626.0 7.300E-18 0.130
627.0 7.530E-18 0.110
628.0 7.370E-18 0.090
629.0 6.980E-18 0.070
630.0 6.760E-18 0.050
631.0 4.840E-18 0.040
632.0 3.270E-18 0.030
633.0 2.170E-18 0.020
634.0 1.640E-18 0.010
635.0 1.440E-18 0.000
636.0 1.690E-18 0.000
637.0 2.070E-18 0.000
638.0 2.030E-18 0.000
639.0 1.580E-18 0.000
640.0 1.230E-18 0.000
