O3_O3P_IUPAC10
! j(O3_O3P) IUPAC(2010)                                 
! O3 = O                                                
! From IUPAC Subcommittee on Gas Kinetic Data Evaluation
! Data Sheet POx2, updated 2nd October, 2001            
! These are point values
! values below 280 nm from JPL2011                                
Begining (the mechanism evaluated with this format)
!WL(nm) XSEC(cm2) QY
FAC=1.0
121.6 2.990E-17 0.100
186.1 6.220E-19 0.100
187.8 5.760E-19 0.100
189.6 5.260E-19 0.100
191.4 4.770E-19 0.100
193.2 4.290E-19 0.100
195.1 3.850E-19 0.100
197.0 3.490E-19 0.100
199.0 3.240E-19 0.100
201.0 3.150E-19 0.100
203.1 3.260E-19 0.100
205.1 3.630E-19 0.100
207.3 4.330E-19 0.100
209.4 5.390E-19 0.100
211.6 6.930E-19 0.100
213.9 9.030E-19 0.100
216.2 1.180E-18 0.100
218.6 1.540E-18 0.100
221.0 1.990E-18 0.100
223.5 2.550E-18 0.100
226.0 3.220E-18 0.100
228.6 4.010E-18 0.100
231.2 4.900E-18 0.100
233.9 5.900E-18 0.100
236.7 6.930E-18 0.100
239.5 8.020E-18 0.100
242.4 9.080E-18 0.100
245.4 1.000E-17 0.100
248.5 1.080E-17 0.100
251.6 1.130E-17 0.100
254.8 1.150E-17 0.100
258.1 1.120E-17 0.100
261.4 1.060E-17 0.100
264.9 9.680E-18 0.100
268.5 8.400E-18 0.100
272.1 6.980E-18 0.100
275.9 5.470E-18 0.100
279.7 4.060E-18 0.100
280.0 4.020E-18 0.100
281.0 4.020E-18 0.100
282.0 2.770E-18 0.100
283.0 2.770E-18 0.100
284.0 2.770E-18 0.100
285.0 2.770E-18 0.100
286.0 1.790E-18 0.100
287.0 1.790E-18 0.100
288.0 1.790E-18 0.100
289.0 1.790E-18 0.100
290.0 1.090E-18 0.100
291.0 1.090E-18 0.100
292.0 1.090E-18 0.100
293.0 1.090E-18 0.100
294.0 1.090E-18 0.100
295.0 6.240E-19 0.100
296.0 6.240E-19 0.100
297.0 6.240E-19 0.100
298.0 6.240E-19 0.100
299.0 3.430E-19 0.100
300.0 3.430E-19 0.100
301.0 3.430E-19 0.100
302.0 3.430E-19 0.100
303.0 1.850E-19 0.100
304.0 1.850E-19 0.100
305.0 1.850E-19 0.100
306.0 1.850E-19 0.116
307.0 1.850E-19 0.138
308.0 9.800E-20 0.207
309.0 9.800E-20 0.329
310.0 9.800E-20 0.477
311.0 9.800E-20 0.606
312.0 9.800E-20 0.690
313.0 5.000E-20 0.735
314.0 5.000E-20 0.754
315.0 5.000E-20 0.761
316.0 5.000E-20 0.767
317.0 5.000E-20 0.778
318.0 2.490E-20 0.794
319.0 2.490E-20 0.813
320.0 2.490E-20 0.834
321.0 2.490E-20 0.854
322.0 2.490E-20 0.872
323.0 1.200E-20 0.887
324.0 1.200E-20 0.899
325.0 1.200E-20 0.908
326.0 1.200E-20 0.914
327.0 1.200E-20 0.918
328.0 6.170E-21 0.920
329.0 6.170E-21 0.920
330.0 6.170E-21 0.920
331.0 6.170E-21 0.920
332.0 6.170E-21 0.920
333.0 2.740E-21 0.920
334.0 2.740E-21 0.920
335.0 2.740E-21 0.920
336.0 2.740E-21 0.920
337.0 2.740E-21 0.920
338.0 1.170E-21 0.920
339.0 1.170E-21 0.920
340.0 1.170E-21 0.920
341.0 1.170E-21 0.920
342.0 1.170E-21 0.920
343.0 5.900E-22 0.920
344.0 5.900E-22 0.920
345.0 5.900E-22 0.920
346.0 5.900E-22 0.920
347.0 5.900E-22 0.920
348.0 2.700E-22 0.920
349.0 2.700E-22 0.920
350.0 2.700E-22 0.920
351.0 2.700E-22 0.920
352.0 2.700E-22 0.920
353.0 1.100E-22 0.920
354.0 1.100E-22 0.920
355.0 1.100E-22 0.920
356.0 1.100E-22 0.920
357.0 1.100E-22 0.920
358.0 5.000E-23 0.920
359.0 5.000E-23 0.920
360.0 5.000E-23 0.920
361.0 5.000E-23 0.920
362.0 5.000E-23 0.920
363.0 5.000E-23 0.920
364.0 5.000E-23 0.920
365.0 5.000E-23 0.920
366.0 0.000E+00 1.000
409.0 0.000E+00 1.000
410.0 1.200E-23 1.000
420.0 2.200E-23 1.000
440.0 1.120E-22 1.000
460.0 3.280E-22 1.000
480.0 6.840E-22 1.000
500.0 1.220E-21 1.000
520.0 1.820E-21 1.000
540.0 2.910E-21 1.000
560.0 3.940E-21 1.000
580.0 4.590E-21 1.000
600.0 5.110E-21 1.000
620.0 4.000E-21 1.000
640.0 2.960E-21 1.000
660.0 2.090E-21 1.000
680.0 1.360E-21 1.000
700.0 9.100E-22 1.000
701.0 0.000E+00 1.000
