O3O3P_RADM88
! Ozone Photolysis to O3P (O3O3P)
! O3 + hv -> O2 + O(3P)
! Taken from the original RADM data
! format:  wl, abs_cs, qy
Beginning
! With FAC, units are (cm^2/molecule)
FAC=1.0
 185.185  6.229E-19  1.000E+00
 186.916  5.763E-19  1.000E+00
 188.679  5.259E-19  1.000E+00
 190.476  4.750E-19  1.000E+00
 192.308  4.266E-19  1.000E+00
 194.175  3.819E-19  1.000E+00
 196.078  3.461E-19  1.000E+00
 198.020  3.216E-19  1.000E+00
 200.000  3.139E-19  1.000E+00
 202.020  3.265E-19  1.000E+00
 204.082  3.653E-19  1.000E+00
 206.186  4.368E-19  1.000E+00
 208.333  5.464E-19  1.000E+00
 210.526  7.046E-19  1.000E+00
 212.766  9.201E-19  1.000E+00
 215.054  1.204E-18  1.000E+00
 217.391  1.565E-18  1.000E+00
 219.780  2.003E-18  1.000E+00
 222.222  2.565E-18  1.000E+00
 224.719  3.243E-18  1.000E+00
 227.273  4.039E-18  1.000E+00
 229.885  4.936E-18  1.000E+00
 232.558  5.934E-18  1.000E+00
 235.294  7.006E-18  1.000E+00
 238.095  8.110E-18  1.000E+00
 240.964  9.196E-18  1.000E+00
 243.902  1.018E-17  1.000E+00
 246.914  1.098E-17  1.000E+00
 250.000  1.143E-17  1.000E+00
 253.165  1.164E-17  1.000E+00
 256.410  1.136E-17  1.000E+00
 259.740  1.075E-17  1.000E+00
 263.158  9.430E-18  1.000E+00
 266.667  8.230E-18  1.000E+00
 270.270  6.810E-18  1.000E+00
 273.973  5.310E-18  1.000E+00
 277.778  3.990E-18  1.000E+00
 281.690  2.840E-18  1.000E+00
 285.714  1.920E-18  1.000E+00
 289.855  1.140E-18  1.000E+00
 294.118  6.600E-19  1.000E+00
 298.500  3.850E-19  1.000E+00
 302.500  2.730E-19  1.000E+00
 303.500  2.390E-19  1.000E+00
 304.500  2.080E-19  1.000E+00
 305.500  1.810E-19  1.000E+00
 306.500  1.580E-19  1.000E+00
 307.500  1.380E-19  1.000E+00
 308.500  1.200E-19  1.000E+00
 309.500  1.050E-19  1.000E+00
 310.500  9.200E-20  1.000E+00
 311.500  8.000E-20  1.000E+00
 312.500  7.000E-20  1.000E+00
 313.500  6.100E-20  1.000E+00
 314.500  4.630E-20  1.000E+00
 317.500  2.910E-20  1.000E+00
 322.500  1.500E-20  1.000E+00
 327.500  7.780E-21  1.000E+00
 332.500  3.720E-21  1.000E+00
 337.500  1.710E-21  1.000E+00
 342.500  7.460E-22  1.000E+00
 347.500  2.660E-22  1.000E+00
 352.500  1.090E-22  1.000E+00
 357.500  5.490E-23  1.000E+00
 362.500  0.000E+00  1.000E+00
 367.500  0.000E+00  1.000E+00
 372.500  0.000E+00  1.000E+00
 377.500  0.000E+00  1.000E+00
 382.500  0.000E+00  1.000E+00
 387.500  0.000E+00  1.000E+00
 392.500  0.000E+00  1.000E+00
 397.500  0.000E+00  1.000E+00
 402.500  0.000E+00  1.000E+00
 407.500  2.910E-23  1.000E+00
 412.500  3.140E-23  1.000E+00
 417.500  3.990E-23  1.000E+00
 422.500  6.540E-23  1.000E+00
 427.500  6.830E-23  1.000E+00
 432.500  8.660E-23  1.000E+00
 437.500  1.250E-22  1.000E+00
 442.500  1.490E-22  1.000E+00
 447.500  1.710E-22  1.000E+00
 452.500  2.120E-22  1.000E+00
 457.500  3.570E-22  1.000E+00
 462.500  3.680E-22  1.000E+00
 467.500  4.060E-22  1.000E+00
 472.500  4.890E-22  1.000E+00
 477.500  7.110E-22  1.000E+00
 482.500  8.430E-22  1.000E+00
 487.500  8.280E-22  1.000E+00
 492.500  9.090E-22  1.000E+00
 497.500  1.220E-21  1.000E+00
 502.500  1.620E-21  1.000E+00
 507.500  1.580E-21  1.000E+00
 512.500  1.600E-21  1.000E+00
 517.500  1.780E-21  1.000E+00
 522.500  2.070E-21  1.000E+00
 527.500  2.550E-21  1.000E+00
 532.500  2.740E-21  1.000E+00
 537.500  2.880E-21  1.000E+00
 542.500  3.070E-21  1.000E+00
 547.500  3.170E-21  1.000E+00
 552.500  3.360E-21  1.000E+00
 557.500  3.880E-21  1.000E+00
 562.500  4.310E-21  1.000E+00
 567.500  4.670E-21  1.000E+00
 572.500  4.750E-21  1.000E+00
 577.500  4.550E-21  1.000E+00
 582.500  4.350E-21  1.000E+00
 587.500  4.420E-21  1.000E+00
 592.500  4.610E-21  1.000E+00
 597.500  4.890E-21  1.000E+00
 602.500  4.840E-21  1.000E+00
 607.500  4.540E-21  1.000E+00
 612.500  4.240E-21  1.000E+00
 617.500  3.900E-21  1.000E+00
 622.500  3.600E-21  1.000E+00
 627.500  3.430E-21  1.000E+00
 632.500  3.170E-21  1.000E+00
 637.500  2.740E-21  1.000E+00
 642.500  2.610E-21  1.000E+00
 647.100  2.400E-21  1.000E+00
 655.000  2.070E-21  1.000E+00
 665.000  1.720E-21  1.000E+00
 675.000  1.370E-21  1.000E+00
 685.000  1.110E-21  1.000E+00
 695.000  9.130E-22  1.000E+00
 705.000  7.930E-22  1.000E+00
 715.000  6.400E-22  1.000E+00
 725.000  5.140E-22  1.000E+00
 735.000  0.000E+00  1.000E+00
