PAA_RACM2
! PAA + HV = HO + MO2
! Absorption cross sections from NASA (2006)                                
! Quantum yields
! Supplied by Dr. Wendy Goliff, reformatted by Dr. Golam Sarwar to make it compatible with CMAQ
Points 
! With FAC, units are (cm^2/molecule)
FAC=1.0
186.1  0.000E+00  1.000
187.8  0.000E+00  1.000
189.6  0.000E+00  1.000
191.4  0.000E+00  1.000
193.3  0.000E+00  1.000
195.2  0.000E+00  1.000
197.1  0.000E+00  1.000
199.0  0.000E+00  1.000
201.0  0.000E+00  1.000
203.1  0.000E+00  1.000
205.2  0.000E+00  1.000
207.3  0.000E+00  1.000
209.4  0.000E+00  1.000
211.7  0.331E-18  1.000
213.9  0.295E-18  1.000
216.2  0.254E-18  1.000
218.6  0.217E-18  1.000
221.0  0.175E-18  1.000
223.5  0.139E-18  1.000
226.0  0.120E-18  1.000
228.6  0.105E-18  1.000
231.3  0.856E-19  1.000
234.0  0.703E-19  1.000
236.7  0.596E-19  1.000
239.6  0.503E-19  1.000
242.5  0.483E-19  1.000
245.4  0.407E-19  1.000
248.5  0.422E-19  1.000
251.6  0.271E-19  1.000
254.8  0.229E-19  1.000
258.2  0.193E-19  1.000
261.5  0.153E-19  1.000
265.0  0.128E-19  1.000
268.5  0.103E-19  1.000
272.2  0.835E-20  1.000
275.9  0.651E-20  1.000
279.8  0.444E-20  1.000
283.7  0.386E-20  1.000
287.8  0.297E-20  1.000
292.0  0.226E-20  1.000
296.3  0.170E-20  1.000
300.5  0.119E-20  1.000
303.0  0.101E-20  1.000
304.0  0.940E-21  1.000
305.0  0.860E-21  1.000
306.0  0.780E-21  1.000
307.0  0.740E-21  1.000
308.0  0.690E-21  1.000
309.0  0.660E-21  1.000
310.0  0.620E-21  1.000
311.0  0.540E-21  1.000
312.0  0.450E-21  1.000
313.0  0.445E-21  1.000
314.0  0.440E-21  1.000
316.0  0.400E-21  1.000
320.0  0.250E-21  1.000
325.0  0.185E-21  1.000
330.0  0.900E-22  1.000
335.0  0.100E-21  1.000
340.0  0.600E-22  1.000
345.0  0.000E+00  1.000
350.0  0.000E+00  1.000
355.0  0.000E+00  1.000
360.0  0.000E+00  1.000
365.0  0.000E+00  1.000
370.0  0.000E+00  1.000
375.0  0.000E+00  1.000
380.0  0.000E+00  1.000
385.0  0.000E+00  1.000
390.0  0.000E+00  1.000
395.0  0.000E+00  1.000
400.0  0.000E+00  1.000
405.0  0.000E+00  1.000
410.0  0.000E+00  1.000
415.0  0.000E+00  1.000
420.0  0.000E+00  1.000
425.0  0.000E+00  1.000
430.0  0.000E+00  1.000
435.0  0.000E+00  1.000
440.0  0.000E+00  1.000
445.0  0.000E+00  1.000
450.0  0.000E+00  1.000
455.0  0.000E+00  1.000
460.0  0.000E+00  1.000
465.0  0.000E+00  1.000
470.0  0.000E+00  1.000
475.0  0.000E+00  1.000
480.0  0.000E+00  1.000
485.0  0.000E+00  1.000
490.0  0.000E+00  1.000
495.0  0.000E+00  1.000
500.0  0.000E+00  1.000
505.0  0.000E+00  1.000
510.0  0.000E+00  1.000
515.0  0.000E+00  1.000
520.0  0.000E+00  1.000
525.0  0.000E+00  1.000
530.0  0.000E+00  1.000
535.0  0.000E+00  1.000
540.0  0.000E+00  1.000
545.0  0.000E+00  1.000
550.0  0.000E+00  1.000
555.0  0.000E+00  1.000
560.0  0.000E+00  1.000
565.0  0.000E+00  1.000
570.0  0.000E+00  1.000
575.0  0.000E+00  1.000
580.0  0.000E+00  1.000
585.0  0.000E+00  1.000
590.0  0.000E+00  1.000
595.0  0.000E+00  1.000
600.0  0.000E+00  1.000
605.0  0.000E+00  1.000
610.0  0.000E+00  1.000
615.0  0.000E+00  1.000
620.0  0.000E+00  1.000
625.0  0.000E+00  1.000
630.0  0.000E+00  1.000
635.0  0.000E+00  1.000
640.0  0.000E+00  1.000
644.8  0.000E+00  1.000
651.0  0.000E+00  1.000
660.0  0.000E+00  1.000
670.0  0.000E+00  1.000
680.0  0.000E+00  1.000
690.0  0.000E+00  1.000
700.0  0.000E+00  1.000
710.0  0.000E+00  1.000
720.0  0.000E+00  1.000
730.0  0.000E+00  1.000
