PAN_IUPAC10
! j(PAN)  IUPAC(2010)                                   
! PAN = NO2 + C2O3                                      
! From IUPAC Subcommittee on Gas Kinetic Data Evaluation
! Data Sheet P21, updated 19th Dec, 2005                
! These are point values                                
Begining (the mechanism evaluated with this format)
!WL(nm) XSEC(cm2) QY
FAC=1.0
280.0 1.460E-20 1.000
282.0 1.210E-20 1.000
284.0 1.010E-20 1.000
286.0 8.100E-21 1.000
288.0 6.480E-21 1.000
290.0 5.370E-21 1.000
292.0 4.470E-21 1.000
294.0 3.690E-21 1.000
296.0 2.970E-21 1.000
298.0 2.450E-21 1.000
300.0 1.890E-21 1.000
302.0 1.520E-21 1.000
304.0 1.250E-21 1.000
306.0 9.980E-22 1.000
308.0 8.160E-22 1.000
310.0 6.660E-22 1.000
312.0 5.380E-22 1.000
314.0 4.620E-22 1.000
316.0 3.630E-22 1.000
318.0 3.000E-22 1.000
320.0 2.520E-22 1.000
322.0 1.990E-22 1.000
324.0 1.660E-22 1.000
326.0 1.400E-22 1.000
328.0 1.170E-22 1.000
330.0 1.060E-22 1.000
332.0 8.570E-23 1.000
334.0 6.760E-23 1.000
336.0 6.150E-23 1.000
338.0 5.260E-23 1.000
340.0 5.020E-23 1.000
342.0 3.600E-23 1.000
344.0 2.410E-23 1.000
346.0 2.310E-23 1.000
348.0 2.470E-23 1.000
350.0 1.650E-23 1.000
351.0 0.000E+00 1.000
