PAN_IUPAC04
!CH3C(O)OONO2 + HV = CH3C(O)OO + NO2
! From IUPAC Subcommittee on Gas Kinetic Data Evaluation
! Data Sheet P21_CH3C(O)OONO2+hv, updated 16th July 2001 
! Website: http://www.iupac-kinetic.ch.cam.ac.uk/
POINT (These are point values)
! With FAC, units are (cm^2/molecule)
FAC=1.0
196.0  4.290E-18  1.000
198.0  3.980E-18  1.000
200.0  3.610E-18  1.000
202.0  3.250E-18  1.000
204.0  2.920E-18  1.000
206.0  2.610E-18  1.000
208.0  2.260E-18  1.000
210.0  1.960E-18  1.000
212.0  1.680E-18  1.000
214.0  1.430E-18  1.000
216.0  1.220E-18  1.000
218.0  1.040E-18  1.000
220.0  8.970E-19  1.000
222.0  7.770E-19  1.000
224.0  6.760E-19  1.000
226.0  5.930E-19  1.000
228.0  5.200E-19  1.000
230.0  4.580E-19  1.000
232.0  4.040E-19  1.000
234.0  3.550E-19  1.000
236.0  3.140E-19  1.000
238.0  2.790E-19  1.000
240.0  2.440E-19  1.000
242.0  2.150E-19  1.000
244.0  1.880E-19  1.000
246.0  1.660E-19  1.000
248.0  1.460E-19  1.000
250.0  1.290E-19  1.000
252.0  1.140E-19  1.000
254.0  1.000E-19  1.000
256.0  8.860E-20  1.000
258.0  7.800E-20  1.000
260.0  6.850E-20  1.000
262.0  6.010E-20  1.000
264.0  5.230E-20  1.000
266.0  4.540E-20  1.000
268.0  3.940E-20  1.000
270.0  3.370E-20  1.000
272.0  2.870E-20  1.000
274.0  2.450E-20  1.000
276.0  2.070E-20  1.000
278.0  1.740E-20  1.000
280.0  1.460E-20  1.0
282.0  1.210E-20  1.0
284.0  1.010E-20  1.0
286.0  8.100E-21  1.0
288.0  6.480E-21  1.0
290.0  5.370E-21  1.0
292.0  4.470E-21  1.0
294.0  3.690E-21  1.0
296.0  2.970E-21  1.0
298.0  2.450E-21  1.0
300.0  1.890E-21  1.0
302.0  1.520E-21  1.0
304.0  1.250E-21  1.0
306.0  9.980E-22  1.0
308.0  8.160E-22  1.0
310.0  6.660E-22  1.0
312.0  5.380E-22  1.0
314.0  4.620E-22  1.0
316.0  3.630E-22  1.0
318.0  3.000E-22  1.0
320.0  2.520E-22  1.0
322.0  1.990E-22  1.0
324.0  1.660E-22  1.0
326.0  1.400E-22  1.0
328.0  1.170E-22  1.0
330.0  1.060E-22  1.0
332.0  8.570E-23  1.0
334.0  6.760E-23  1.0
336.0  6.150E-23  1.0
338.0  5.260E-23  1.0
340.0  5.020E-23  1.0
342.0  3.600E-23  1.0
344.0  2.410E-23  1.0
346.0  2.310E-23  1.0
348.0  2.470E-23  1.0
350.0  1.650E-23  1.0
351.0  0.0        1.0
