UDC_RADM88
! Unsaturated Dicarbonyl Photolysis (UDC)
! HCOCH=CHCHO + hv -> 0.98HO2 + TCO3 + 0.02ACO3         
! Taken from the original RADM data
! format:  wl, abs_cs, qy
Beginning
! With FAC, units are (cm^2/molecule)
FAC=1.0
 185.185  7.900E-20  1.000E+00
 186.916  7.900E-20  1.000E+00
 188.679  7.900E-20  1.000E+00
 190.476  7.900E-20  1.000E+00
 192.308  7.900E-20  1.000E+00
 194.175  7.900E-20  1.000E+00
 196.078  7.900E-20  1.000E+00
 198.020  7.900E-20  1.000E+00
 200.000  7.900E-20  1.000E+00
 202.020  7.900E-20  1.000E+00
 204.082  7.900E-20  1.000E+00
 206.186  7.900E-20  1.000E+00
 208.333  7.900E-20  1.000E+00
 210.526  7.900E-20  1.000E+00
 212.766  7.900E-20  1.000E+00
 215.054  7.900E-20  1.000E+00
 217.391  7.900E-20  1.000E+00
 219.780  7.900E-20  1.000E+00
 222.222  7.900E-20  1.000E+00
 224.719  7.900E-20  1.000E+00
 227.273  7.900E-20  1.000E+00
 229.885  7.900E-20  1.000E+00
 232.558  7.900E-20  1.000E+00
 235.294  7.900E-20  1.000E+00
 238.095  7.900E-20  1.000E+00
 240.964  7.900E-20  1.000E+00
 243.902  7.900E-20  1.000E+00
 246.914  7.900E-20  1.000E+00
 250.000  7.900E-20  1.000E+00
 253.165  7.900E-20  1.000E+00
 256.410  7.900E-20  1.000E+00
 259.740  7.900E-20  1.000E+00
 263.158  7.900E-20  1.000E+00
 266.667  7.900E-20  1.000E+00
 270.270  7.900E-20  1.000E+00
 273.973  7.900E-20  1.000E+00
 277.778  7.900E-20  1.000E+00
 281.690  7.900E-20  1.000E+00
 285.714  7.900E-20  1.000E+00
 289.855  7.900E-20  1.000E+00
 294.118  7.900E-20  1.000E+00
 298.500  7.900E-20  1.000E+00
 302.500  7.900E-20  1.000E+00
 303.500  7.900E-20  1.000E+00
 304.500  7.900E-20  1.000E+00
 305.500  7.900E-20  1.000E+00
 306.500  7.900E-20  1.000E+00
 307.500  7.900E-20  1.000E+00
 308.500  7.900E-20  1.000E+00
 309.500  7.900E-20  1.000E+00
 310.500  7.900E-20  1.000E+00
 311.500  7.900E-20  1.000E+00
 312.500  7.900E-20  1.000E+00
 313.500  7.900E-20  1.000E+00
 314.500  7.900E-20  1.000E+00
 317.500  7.900E-20  1.000E+00
 322.500  7.900E-20  1.000E+00
 327.500  7.900E-20  1.000E+00
 332.500  7.900E-20  1.000E+00
 337.500  7.900E-20  1.000E+00
 342.500  7.900E-20  1.000E+00
 347.500  7.900E-20  1.000E+00
 352.500  7.900E-20  5.000E-01
 357.500  7.900E-20  0.000E+00
 362.500  0.000E+00  0.000E+00

