ALD_RADM88
! Acetaldehyde Photolysis (ALD)
! CH3CHO + hv (+2O2)-> CH3OO + HO2 + CO
! Absorption CS from avg of Calvert and Pitts (1966) and Meyrahn (1984);
! QY from Meyrahn et al. (1981)
! format:  wl, abs_cs, qy
Beginning
! With FAC, units are (cm^2/molecule)
FAC=1.0
 206.186  2.957E-21  0.000E+00
 208.333  2.176E-21  0.000E+00
 210.526  2.410E-21  0.000E+00
 212.766  1.519E-21  0.000E+00
 215.054  6.961E-22  0.000E+00
 217.391  3.801E-22  0.000E+00
 219.780  1.537E-22  0.000E+00
 222.222  1.412E-22  0.000E+00
 224.719  2.429E-22  0.000E+00
 227.273  5.560E-22  0.000E+00
 229.885  1.140E-21  0.000E+00
 232.558  2.138E-21  0.000E+00
 235.294  3.192E-21  0.000E+00
 238.095  4.428E-21  0.000E+00
 240.964  5.980E-21  0.000E+00
 243.902  7.759E-21  0.000E+00
 246.914  1.000E-20  0.000E+00
 250.000  1.277E-20  0.000E+00
 253.165  1.613E-20  0.000E+00
 256.410  2.014E-20  0.000E+00
 259.740  2.381E-20  0.000E+00
 263.158  2.822E-20  3.493E-01
 266.667  3.245E-20  3.779E-01
 270.270  3.683E-20  4.303E-01
 273.973  4.007E-20  5.016E-01
 277.778  4.342E-20  5.662E-01
 281.690  4.498E-20  5.615E-01
 285.714  4.548E-20  5.411E-01
 289.855  4.434E-20  5.121E-01
 294.118  4.217E-20  4.732E-01
 298.500  3.904E-20  4.300E-01
 302.500  3.542E-20  3.920E-01
 303.500  3.407E-20  3.760E-01
 304.500  3.339E-20  3.600E-01
 305.500  3.268E-20  3.440E-01
 306.500  3.195E-20  3.280E-01
 307.500  3.113E-20  3.120E-01
 308.500  2.968E-20  2.960E-01
 309.500  2.813E-20  2.798E-01
 310.500  2.657E-20  2.625E-01
 311.500  2.502E-20  2.450E-01
 312.500  2.355E-20  2.275E-01
 313.500  2.251E-20  2.100E-01
 314.500  2.048E-20  1.750E-01
 317.500  1.566E-20  1.093E-01
 322.500  1.092E-20  5.188E-02
 327.500  6.427E-21  6.266E-03
 332.500  2.787E-21  0.000E+00
 337.500  9.063E-22  0.000E+00
 342.500  3.280E-22  0.000E+00
 347.500  4.022E-23  0.000E+00
 352.500  0.000E+00  0.000E+00

