HNO3            
! HNO3 + HV = products                                                           
! IUPAC (1997) Recommendation                                                    
Points (the mechanism evaluated with this format)                                
! With FAC, units are (cm^2/molecule)                                            
FAC=1.0                                                                          
190.0 1.360E-17 1.0000
195.0 1.020E-17 1.0000
200.0 5.880E-18 1.0000
205.0 2.800E-18 1.0000
210.0 1.040E-18 1.0000
215.0 3.650E-19 1.0000
220.0 1.490E-19 1.0000
225.0 8.810E-20 1.0000
230.0 5.750E-20 1.0000
235.0 3.750E-20 1.0000
240.0 2.580E-20 1.0000
245.0 2.110E-20 1.0000
250.0 1.970E-20 1.0000
255.0 1.950E-20 1.0000
260.0 1.910E-20 1.0000
265.0 1.800E-20 1.0000
270.0 1.620E-20 1.0000
275.0 1.380E-20 1.0000
280.0 1.120E-20 1.0000
285.0 8.580E-21 1.0000
290.0 6.150E-21 1.0000
295.0 4.120E-21 1.0000
300.0 2.630E-21 1.0000
305.0 1.500E-21 1.0000
310.0 8.100E-22 1.0000
315.0 4.100E-22 1.0000
320.0 2.000E-22 1.0000
325.0 9.500E-23 1.0000
330.0 4.300E-23 1.0000
335.0 2.200E-23 1.0000
340.0 1.000E-23 1.0000
345.0 6.000E-24 1.0000
350.0 4.000E-24 1.0000
355.0 0.000E+00 1.0000
