SOOT                
!     Optical Parmeters of Soot at 0% relative huimidity from
!     Hess, M. P. Koepke, and I. Schult, Optical properties of
!     aerosols and clouds: The software package OPAC, Bulletan of
!     the American Meteorological Society, Vol 79, No 5, 
!     pp 831 - 844, May 1998.
!     from file soot00 of 
!     OPAC is a downloadable data set of optical properties of 
!     10 aerosol components, 6 water clouds and 3 cirrus clouds 
!     at UV, visible and IR wavelengths
!     www.lrz-muenchen.de/~uh234an/www/radaer/opac.htm
! size distribution: lognormal
! ------------------
!   minimum radius, [um]:      5.000E-03
!   maximum radius, [um]:      2.000E+01
!                  sigma:      2.000E+00
!       Rmod (wet), [um]:      1.180E-02
!       Rmod (dry), [um]:      1.180E-02
! optical parameters:
! -------------------
!wavelength  ref.real  ref.imag   ext.coef  sca.coef  abs.coef  si.sc.alb asym.par   ext.nor 
! [um]                             [1/km]    [1/km]    [1/km]
2.500E-01 1.620E+00 4.500E-01 1.356E-06 4.177E-07 9.381E-07 3.081E-01 0.502E+00 2.447E+00 
3.000E-01 1.740E+00 4.700E-01 1.212E-06 3.790E-07 8.329E-07 3.128E-01 0.453E+00 2.188E+00 
3.500E-01 1.750E+00 4.650E-01 1.017E-06 2.957E-07 7.217E-07 2.906E-01 0.422E+00 1.837E+00 
4.000E-01 1.750E+00 4.600E-01 8.612E-07 2.301E-07 6.311E-07 2.672E-01 0.396E+00 1.555E+00 
4.500E-01 1.750E+00 4.550E-01 7.375E-07 1.811E-07 5.564E-07 2.456E-01 0.374E+00 1.331E+00 
5.000E-01 1.750E+00 4.500E-01 6.385E-07 1.441E-07 4.943E-07 2.257E-01 0.353E+00 1.153E+00 
5.500E-01 1.750E+00 4.400E-01 5.540E-07 1.157E-07 4.383E-07 2.088E-01 0.336E+00 1.000E+00 
6.000E-01 1.750E+00 4.350E-01 4.885E-07 9.380E-08 3.947E-07 1.920E-01 0.320E+00 8.818E-01 
6.500E-01 1.750E+00 4.350E-01 4.379E-07 7.688E-08 3.611E-07 1.756E-01 0.305E+00 7.906E-01 
7.000E-01 1.750E+00 4.300E-01 3.923E-07 6.340E-08 3.289E-07 1.616E-01 0.291E+00 7.082E-01 
7.500E-01 1.750E+00 4.300E-01 3.570E-07 5.279E-08 3.043E-07 1.479E-01 0.278E+00 6.445E-01 
8.000E-01 1.750E+00 4.300E-01 3.270E-07 4.427E-08 2.828E-07 1.354E-01 0.266E+00 5.904E-01 
9.000E-01 1.750E+00 4.350E-01 2.818E-07 3.183E-08 2.500E-07 1.129E-01 0.244E+00 5.087E-01 
1.000E+00 1.760E+00 4.400E-01 2.467E-07 2.381E-08 2.229E-07 9.653E-02 0.225E+00 4.453E-01 
1.250E+00 1.760E+00 4.500E-01 1.890E-07 1.201E-08 1.770E-07 6.354E-02 0.186E+00 3.412E-01 
1.500E+00 1.770E+00 4.600E-01 1.533E-07 6.755E-09 1.465E-07 4.407E-02 0.158E+00 2.767E-01 
1.750E+00 1.790E+00 4.800E-01 1.311E-07 4.176E-09 1.270E-07 3.184E-02 0.135E+00 2.367E-01 
2.000E+00 1.800E+00 4.900E-01 1.139E-07 2.667E-09 1.112E-07 2.343E-02 0.117E+00 2.055E-01 
2.500E+00 1.820E+00 5.100E-01 9.081E-08 1.236E-09 8.958E-08 1.361E-02 0.911E-01 1.639E-01 
3.000E+00 1.840E+00 5.400E-01 7.743E-08 6.572E-10 7.678E-08 8.487E-03 0.723E-01 1.398E-01 
3.200E+00 1.860E+00 5.400E-01 7.113E-08 5.253E-10 7.061E-08 7.385E-03 0.672E-01 1.284E-01 
3.390E+00 1.870E+00 5.495E-01 6.749E-08 4.292E-10 6.706E-08 6.359E-03 0.623E-01 1.218E-01 
3.500E+00 1.880E+00 5.600E-01 6.584E-08 3.875E-10 6.545E-08 5.886E-03 0.597E-01 1.189E-01 
3.750E+00 1.900E+00 5.700E-01 6.123E-08 3.055E-10 6.092E-08 4.989E-03 0.546E-01 1.105E-01 
4.000E+00 1.920E+00 5.800E-01 5.720E-08 2.444E-10 5.696E-08 4.273E-03 0.502E-01 1.033E-01 
4.500E+00 1.940E+00 5.900E-01 5.057E-08 1.582E-10 5.041E-08 3.128E-03 0.424E-01 9.128E-02 
5.000E+00 1.970E+00 6.000E-01 4.492E-08 1.080E-10 4.481E-08 2.404E-03 0.366E-01 8.108E-02 
5.500E+00 1.990E+00 6.100E-01 4.066E-08 7.582E-11 4.058E-08 1.865E-03 0.316E-01 7.340E-02 
6.000E+00 2.020E+00 6.200E-01 3.681E-08 5.534E-11 3.675E-08 1.504E-03 0.278E-01 6.644E-02 
6.200E+00 2.030E+00 6.250E-01 3.555E-08 4.912E-11 3.550E-08 1.382E-03 0.264E-01 6.418E-02 
6.500E+00 2.040E+00 6.300E-01 3.384E-08 4.112E-11 3.380E-08 1.215E-03 0.245E-01 6.109E-02 
7.200E+00 2.060E+00 6.500E-01 3.084E-08 2.814E-11 3.081E-08 9.124E-04 0.206E-01 5.567E-02 
7.900E+00 2.120E+00 6.700E-01 2.741E-08 2.049E-11 2.739E-08 7.477E-04 0.180E-01 4.948E-02 
8.200E+00 2.130E+00 6.800E-01 2.652E-08 1.789E-11 2.650E-08 6.745E-04 0.169E-01 4.787E-02 
8.500E+00 2.150E+00 6.900E-01 2.547E-08 1.578E-11 2.545E-08 6.198E-04 0.159E-01 4.597E-02 
8.700E+00 2.160E+00 6.900E-01 2.467E-08 1.446E-11 2.465E-08 5.862E-04 0.154E-01 4.453E-02 
9.000E+00 2.170E+00 7.000E-01 2.394E-08 1.278E-11 2.392E-08 5.340E-04 0.145E-01 4.321E-02 
9.200E+00 2.180E+00 7.000E-01 2.321E-08 1.177E-11 2.320E-08 5.069E-04 0.140E-01 4.191E-02 
9.500E+00 2.190E+00 7.100E-01 2.256E-08 1.047E-11 2.255E-08 4.641E-04 0.132E-01 4.073E-02 
9.800E+00 2.200E+00 7.150E-01 2.182E-08 9.324E-12 2.181E-08 4.274E-04 0.125E-01 3.938E-02 
1.000E+01 2.210E+00 7.200E-01 2.133E-08 8.672E-12 2.132E-08 4.066E-04 0.121E-01 3.850E-02 
1.060E+01 2.220E+00 7.300E-01 2.018E-08 6.942E-12 2.017E-08 3.440E-04 0.109E-01 3.643E-02 
1.100E+01 2.230E+00 7.300E-01 1.928E-08 6.012E-12 1.927E-08 3.119E-04 0.102E-01 3.480E-02 
1.150E+01 2.240E+00 7.400E-01 1.850E-08 5.086E-12 1.849E-08 2.750E-04 0.937E-02 3.339E-02 
1.250E+01 2.270E+00 7.500E-01 1.678E-08 3.715E-12 1.677E-08 2.214E-04 0.810E-02 3.029E-02 
1.300E+01 2.280E+00 7.600E-01 1.618E-08 3.208E-12 1.617E-08 1.983E-04 0.751E-02 2.920E-02 
1.400E+01 2.310E+00 7.750E-01 1.489E-08 2.437E-12 1.489E-08 1.636E-04 0.659E-02 2.688E-02 
1.480E+01 2.330E+00 7.900E-01 1.408E-08 1.984E-12 1.407E-08 1.409E-04 0.596E-02 2.541E-02 
1.500E+01 2.330E+00 7.900E-01 1.389E-08 1.879E-12 1.389E-08 1.353E-04 0.580E-02 2.507E-02 
1.640E+01 2.360E+00 8.100E-01 1.265E-08 1.345E-12 1.265E-08 1.064E-04 0.492E-02 2.283E-02 
1.720E+01 2.380E+00 8.200E-01 1.198E-08 1.126E-12 1.198E-08 9.400E-05 0.451E-02 2.163E-02 
1.800E+01 2.400E+00 8.250E-01 1.132E-08 9.483E-13 1.132E-08 8.380E-05 0.418E-02 2.043E-02 
1.850E+01 2.410E+00 8.300E-01 1.098E-08 8.551E-13 1.098E-08 7.790E-05 0.397E-02 1.981E-02 
2.000E+01 2.450E+00 8.500E-01 1.002E-08 6.414E-13 1.002E-08 6.402E-05 0.347E-02 1.809E-02 
2.130E+01 2.460E+00 8.600E-01 9.419E-09 5.025E-13 9.418E-09 5.335E-05 0.307E-02 1.700E-02 
2.250E+01 2.480E+00 8.700E-01 8.855E-09 4.081E-13 8.855E-09 4.607E-05 0.279E-02 1.598E-02 
2.500E+01 2.510E+00 8.900E-01 7.920E-09 2.728E-13 7.920E-09 3.445E-05 0.232E-02 1.430E-02 
2.790E+01 2.540E+00 9.100E-01 7.050E-09 1.791E-13 7.050E-09 2.539E-05 0.186E-02 1.273E-02 
3.000E+01 2.570E+00 9.300E-01 6.512E-09 1.363E-13 6.512E-09 2.092E-05 0.167E-02 1.176E-02 
3.500E+01 2.630E+00 9.700E-01 5.499E-09 7.608E-14 5.499E-09 1.383E-05 0.130E-02 9.926E-03 
4.000E+01 2.690E+00 1.000E+00 4.699E-09 4.583E-14 4.699E-09 9.775E-06 0.120E-02 8.482E-03 