APINENE_SOA
!Pengfei Liu, Yue Zhang, and Scot T. Martin
!Complex Refractive Indices of Thin Films of Secondary Organic Materials by Spectroscopic Ellipsometry from 220 to 1200 nm
!Environmental Science & Technology 2013 47 (23), 13594-13601
!DOI: 10.1021/es403411e
!
!SOM type  a-pinene
!wvl,um     n     k
0.150 1.6129 0.0088
0.220 1.6129 0.0088
0.225 1.6050 0.0069
0.230 1.5978 0.0065
0.235 1.5912 0.0055
0.240 1.5852 0.0037
0.245 1.5797 0.0032
0.250 1.5746 0.0029
0.255 1.5699 0.0026
0.260 1.5656 0.0024
0.265 1.5615 0.0022
0.270 1.5578 0.0026
0.275 1.5544 0.0028
0.280 1.5511 0.0030
0.285 1.5481 0.0026
0.290 1.5453 0.0020
0.295 1.5427 0.0019
0.300 1.5403 0.0018
0.305 1.5380 0.0015
0.310 1.5358 0.0012
0.315 1.5338 0.0011
0.320 1.5319 0.0009
0.325 1.5301 0.0008
0.330 1.5284 0.0007
0.335 1.5267 0.0006
0.340 1.5252 0.0006
0.345 1.5238 0.0007
0.350 1.5224 0.0005
0.355 1.5211 0.0002
0.360 1.5199 0.0001
0.365 1.5188 0.0001
0.370 1.5177 0.0002
0.375 1.5166 0.0003
0.380 1.5156 0.0002
0.385 1.5146 0.0002
0.390 1.5137 0.0001
0.395 1.5129 0.0001
0.400 1.5120 0.0001 
0.405 1.5112 0.0001
0.410 1.5105 0.0002
0.415 1.5098 0.0003
0.420 1.5091 0.0004
0.425 1.5084 0.0003
0.430 1.5077 0.0004
0.435 1.5071 0.0005
0.440 1.5065 0.0004
0.445 1.5060 0.0002
0.450 1.5054 0.0001
0.455 1.5049 0.0000
0.460 1.5044 0.0000
0.465 1.5039 0.0000
0.470 1.5034 0.0001
0.475 1.5030 0.0000
0.480 1.5026 0.0000
0.485 1.5021 0.0000
0.490 1.5017 0.0000
0.495 1.5013 0.0000
0.500 1.5010 0.0000
0.505 1.5006 0.0000
0.510 1.5002 0.0001
0.515 1.4999 0.0001
0.520 1.4996 0.0001
0.525 1.4993 0.0001
0.530 1.4990 0.0001
0.535 1.4987 0.0001
0.540 1.4984 0.0001
0.545 1.4981 0.0001
0.550 1.4978 0.0001
0.555 1.4975 0.0001
0.560 1.4973 0.0001
0.565 1.4970 0.0001
0.570 1.4968 0.0002
0.575 1.4966 0.0002
0.580 1.4963 0.0002
0.585 1.4961 0.0002
0.590 1.4959 0.0002
0.595 1.4957 0.0003
0.600 1.4955 0.0004
0.605 1.4953 0.0004
0.610 1.4951 0.0004
0.615 1.4949 0.0003
0.620 1.4947 0.0003
0.625 1.4945 0.0003 
0.630 1.4944 0.0003
0.635 1.4942 0.0003
0.640 1.4940 0.0003
0.645 1.4939 0.0003
0.650 1.4937 0.0004
0.655 1.4936 0.0004
0.660 1.4934 0.0004
0.665 1.4933 0.0004
0.670 1.4931 0.0004
0.675 1.4930 0.0004
0.680 1.4929 0.0004
0.685 1.4927 0.0004
0.690 1.4926 0.0004
0.695 1.4925 0.0004
0.700 1.4924 0.0004
0.705 1.4922 0.0004
0.710 1.4921 0.0004
0.715 1.4920 0.0004
0.720 1.4919 0.0003
0.725 1.4918 0.0003
0.730 1.4917 0.0003
0.735 1.4916 0.0003
0.740 1.4915 0.0003
0.745 1.4914 0.0003
0.750 1.4913 0.0002
0.755 1.4912 0.0002
0.760 1.4911 0.0002
0.765 1.4910 0.0002
0.770 1.4909 0.0002
0.775 1.4908 0.0001
0.780 1.4907 0.0001
0.785 1.4906 0.0001
0.790 1.4906 0.0001
0.795 1.4905 0.0001
0.800 1.4904 0.0001
0.805 1.4903 0.0001
0.810 1.4903 0.0001
0.815 1.4902 0.0001
0.820 1.4901 0.0001
0.825 1.4900 0.0001
0.830 1.4900 0.0001
0.835 1.4899 0.0001
0.840 1.4898 0.0000
0.845 1.4898 0.0000
0.850 1.4897 0.0001 
0.855 1.4896 0.0000
0.860 1.4896 0.0000
0.865 1.4895 0.0000
0.870 1.4894 0.0000
0.875 1.4894 0.0000
0.880 1.4893 0.0000
0.885 1.4893 0.0000
0.890 1.4892 0.0000
0.895 1.4892 0.0000
0.900 1.4891 0.0000
0.905 1.4890 0.0000
0.910 1.4890 0.0000
0.915 1.4889 0.0000
0.920 1.4889 0.0000
0.925 1.4888 0.0000
0.930 1.4888 0.0000
0.935 1.4887 0.0000
0.940 1.4887 0.0000
0.945 1.4886 0.0000
0.950 1.4886 0.0000
0.955 1.4886 0.0000
0.960 1.4885 0.0000
0.965 1.4885 0.0000
0.970 1.4884 0.0000
0.975 1.4884 0.0000
0.980 1.4883 0.0000
0.985 1.4883 0.0000
0.990 1.4883 0.0001
0.995 1.4882 0.0001
1.000 1.4882 0.0001
1.005 1.4882 0.0001
1.010 1.4882 0.0001
1.015 1.4882 0.0001
1.020 1.4882 0.0001
1.025 1.4882 0.0001
1.030 1.4882 0.0001
1.035 1.4882 0.0001
1.040 1.4882 0.0001
1.045 1.4882 0.0001
1.050 1.4882 0.0001
1.055 1.4882 0.0001
1.060 1.4882 0.0001
1.065 1.4882 0.0001
1.070 1.4882 0.0001
1.075 1.4882 0.0001 
1.080 1.4882 0.0001
1.085 1.4882 0.0001
1.090 1.4882 0.0001
1.095 1.4882 0.0001
1.100 1.4882 0.0001
1.105 1.4882 0.0001
1.110 1.4882 0.0001
1.115 1.4882 0.0001
1.120 1.4882 0.0001
1.125 1.4882 0.0001
1.130 1.4882 0.0001
1.135 1.4882 0.0001
1.140 1.4882 0.0001
1.145 1.4882 0.0001
1.150 1.4882 0.0001
1.155 1.4882 0.0001
1.160 1.4882 0.0001
1.165 1.4882 0.0001
1.170 1.4882 0.0001
1.175 1.4882 0.0001
1.180 1.4882 0.0001
1.185 1.4882 0.0001
1.190 1.4882 0.0001
1.195 1.4882 0.0001
1.200 1.4882 0.0001 
