SOLUTE
!     Optical Parmeters of water aerosol material
!     consists sulfates, nitrates, anominum and other 
!     substances such as water-soluble organic material.
!     from file waso00 of
!     Hess, M. P. Koepke, and I. Schult, Optical properties of
!     aerosols and clouds: The software package OPAC, Bulletan of
!     the American Meteorological Society, Vol 79, No 5, 
!     pp 831 - 844, May 1998. 
!     OPAC is a downloadable data set of optical properties of 
!     10 aerosol components, 6 water clouds and 3 cirrus clouds 
!     at UV, visible and IR wavelengths
!     www.lrz-muenchen.de/~uh234an/www/radaer/opac.htm
! size distribution: lognormal
! ------------------
!   minimum radius, [um]:      5.000E-03
!   maximum radius, [um]:      2.000E+01
!                  sigma:      2.240E+00
!       Rmod (wet), [um]:      2.120E-02
!       Rmod (dry), [um]:      2.120E-02
! optical parameters:
! -------------------
!wavelength ref.real ref.imag  ext.coef  sca.coef  abs.coef  si.sc.alb asym.par   ext.nor 
! [um]                          [1/km]    [1/km]    [1/km]
1.500E-01 1.530E+00 5.200E-02
2.500E-01 1.530E+00 3.000E-02 9.520E-06 7.959E-06 1.561E-06 8.360E-01 0.690E+00 2.438E+00 
3.000E-01 1.530E+00 8.000E-03 8.182E-06 7.767E-06 4.151E-07 9.493E-01 0.659E+00 2.095E+00 
3.500E-01 1.530E+00 5.000E-03 7.003E-06 6.780E-06 2.227E-07 9.682E-01 0.647E+00 1.793E+00 
4.000E-01 1.530E+00 5.000E-03 6.011E-06 5.822E-06 1.892E-07 9.685E-01 0.639E+00 1.539E+00 
4.500E-01 1.530E+00 5.000E-03 5.180E-06 5.017E-06 1.631E-07 9.685E-01 0.630E+00 1.326E+00 
5.000E-01 1.530E+00 5.000E-03 4.484E-06 4.341E-06 1.425E-07 9.682E-01 0.621E+00 1.148E+00 
5.500E-01 1.530E+00 6.000E-03 3.905E-06 3.755E-06 1.502E-07 9.615E-01 0.614E+00 1.000E+00 
6.000E-01 1.530E+00 6.000E-03 3.413E-06 3.279E-06 1.339E-07 9.608E-01 0.605E+00 8.739E-01 
6.500E-01 1.530E+00 7.000E-03 3.003E-06 2.863E-06 1.398E-07 9.535E-01 0.597E+00 7.689E-01 
7.000E-01 1.530E+00 7.000E-03 2.649E-06 2.522E-06 1.265E-07 9.522E-01 0.589E+00 6.782E-01 
7.500E-01 1.530E+00 8.500E-03 2.356E-06 2.217E-06 1.392E-07 9.409E-01 0.582E+00 6.032E-01 
8.000E-01 1.520E+00 1.000E-02 2.050E-06 1.901E-06 1.485E-07 9.276E-01 0.578E+00 5.249E-01 
9.000E-01 1.520E+00 1.300E-02 1.660E-06 1.497E-06 1.633E-07 9.016E-01 0.563E+00 4.251E-01 
1.000E+00 1.520E+00 1.550E-02 1.366E-06 1.198E-06 1.680E-07 8.770E-01 0.548E+00 3.497E-01 
1.250E+00 1.510E+00 1.900E-02 8.558E-07 7.042E-07 1.515E-07 8.229E-01 0.516E+00 2.191E-01 
1.500E+00 1.510E+00 2.250E-02 5.937E-07 4.530E-07 1.406E-07 7.631E-01 0.485E+00 1.520E-01 
1.750E+00 1.470E+00 1.750E-02 3.587E-07 2.684E-07 9.036E-08 7.481E-01 0.461E+00 9.186E-02 
2.000E+00 1.420E+00 8.000E-03 1.913E-07 1.558E-07 3.550E-08 8.144E-01 0.440E+00 4.897E-02 
2.500E+00 1.420E+00 1.200E-02 1.228E-07 8.215E-08 4.070E-08 6.687E-01 0.392E+00 3.146E-02 
3.000E+00 1.420E+00 2.200E-02 1.072E-07 4.702E-08 6.021E-08 4.385E-01 0.350E+00 2.746E-02 
3.200E+00 1.430E+00 8.000E-03 6.160E-08 4.128E-08 2.032E-08 6.701E-01 0.339E+00 1.577E-02 
3.390E+00 1.430E+00 7.050E-03 5.132E-08 3.455E-08 1.677E-08 6.732E-01 0.327E+00 1.314E-02 
3.500E+00 1.450E+00 5.000E-03 4.559E-08 3.422E-08 1.137E-08 7.506E-01 0.322E+00 1.167E-02 
3.750E+00 1.452E+00 4.000E-03 3.617E-08 2.776E-08 8.408E-09 7.675E-01 0.308E+00 9.260E-03 
4.000E+00 1.455E+00 5.000E-03 3.255E-08 2.280E-08 9.752E-09 7.004E-01 0.294E+00 8.335E-03 
4.500E+00 1.460E+00 1.300E-02 3.783E-08 1.567E-08 2.216E-08 4.141E-01 0.269E+00 9.687E-03 
5.000E+00 1.450E+00 1.200E-02 2.892E-08 1.057E-08 1.834E-08 3.656E-01 0.248E+00 7.404E-03 
5.500E+00 1.440E+00 1.800E-02 3.225E-08 7.284E-09 2.497E-08 2.258E-01 0.227E+00 8.258E-03 
6.000E+00 1.410E+00 2.300E-02 3.431E-08 4.698E-09 2.962E-08 1.369E-01 0.208E+00 8.786E-03 
6.200E+00 1.430E+00 2.700E-02 3.774E-08 4.581E-09 3.316E-08 1.214E-01 0.203E+00 9.664E-03 
6.500E+00 1.460E+00 3.300E-02 4.221E-08 4.400E-09 3.781E-08 1.042E-01 0.196E+00 1.081E-02 
7.200E+00 1.400E+00 7.000E-02 7.717E-08 2.353E-09 7.482E-08 3.049E-02 0.168E+00 1.976E-02 
7.900E+00 1.200E+00 6.500E-02 7.144E-08 4.721E-10 7.097E-08 6.609E-03 0.139E+00 1.829E-02 
8.200E+00 1.010E+00 1.000E-01 1.140E-07 9.404E-11 1.139E-07 8.250E-04 0.116E+00 2.919E-02 
8.500E+00 1.300E+00 2.150E-01 2.071E-07 1.042E-09 2.061E-07 5.033E-03 0.122E+00 5.303E-02 
8.700E+00 2.400E+00 2.900E-01 1.279E-07 9.050E-09 1.188E-07 7.077E-02 0.188E+00 3.274E-02 
9.000E+00 2.560E+00 3.700E-01 1.377E-07 9.054E-09 1.286E-07 6.576E-02 0.182E+00 3.525E-02 
9.200E+00 2.200E+00 4.200E-01 1.918E-07 6.135E-09 1.857E-07 3.198E-02 0.154E+00 4.912E-02 
9.500E+00 1.950E+00 1.600E-01 8.880E-08 3.846E-09 8.496E-08 4.331E-02 0.160E+00 2.274E-02 
9.800E+00 1.870E+00 9.500E-02 5.511E-08 3.010E-09 5.210E-08 5.462E-02 0.156E+00 1.411E-02 
1.000E+01 1.820E+00 9.000E-02 5.279E-08 2.537E-09 5.025E-08 4.806E-02 0.149E+00 1.352E-02 
1.060E+01 1.760E+00 7.000E-02 4.036E-08 1.804E-09 3.855E-08 4.470E-02 0.138E+00 1.033E-02 
1.100E+01 1.720E+00 5.000E-02 2.878E-08 1.437E-09 2.734E-08 4.994E-02 0.131E+00 7.369E-03 
1.150E+01 1.670E+00 4.700E-02 2.659E-08 1.074E-09 2.551E-08 4.040E-02 0.122E+00 6.808E-03 
1.250E+01 1.620E+00 5.300E-02 2.812E-08 6.833E-10 2.743E-08 2.430E-02 0.107E+00 7.199E-03 
1.300E+01 1.620E+00 5.500E-02 2.793E-08 5.882E-10 2.734E-08 2.106E-02 0.102E+00 7.152E-03 
1.400E+01 1.560E+00 7.300E-02 3.558E-08 3.718E-10 3.521E-08 1.045E-02 0.887E-01 9.110E-03 
1.480E+01 1.440E+00 1.000E-01 4.994E-08 2.002E-10 4.974E-08 4.009E-03 0.752E-01 1.279E-02 
1.500E+01 1.420E+00 2.000E-01 9.969E-08 2.007E-10 9.949E-08 2.013E-03 0.691E-01 2.553E-02 
1.640E+01 1.750E+00 1.600E-01 5.689E-08 3.357E-10 5.656E-08 5.901E-03 0.783E-01 1.457E-02 
1.720E+01 2.080E+00 2.420E-01 6.247E-08 4.835E-10 6.199E-08 7.740E-03 0.872E-01 1.600E-02 
1.800E+01 1.980E+00 1.800E-01 4.829E-08 3.491E-10 4.794E-08 7.229E-03 0.802E-01 1.236E-02 
1.850E+01 1.850E+00 1.700E-01 4.926E-08 2.544E-10 4.900E-08 5.165E-03 0.712E-01 1.261E-02 
2.000E+01 2.120E+00 2.200E-01 4.707E-08 2.786E-10 4.679E-08 5.919E-03 0.749E-01 1.205E-02 
2.130E+01 2.060E+00 2.300E-01 4.839E-08 2.023E-10 4.819E-08 4.181E-03 0.658E-01 1.239E-02 
2.250E+01 2.000E+00 2.400E-01 5.011E-08 1.512E-10 4.996E-08 3.017E-03 0.582E-01 1.283E-02 
2.500E+01 1.880E+00 2.800E-01 5.784E-08 8.573E-11 5.775E-08 1.482E-03 0.451E-01 1.481E-02 
2.790E+01 1.840E+00 2.900E-01 5.537E-08 5.256E-11 5.532E-08 9.493E-04 0.370E-01 1.418E-02 
3.000E+01 1.820E+00 3.000E-01 5.409E-08 3.848E-11 5.405E-08 7.114E-04 0.325E-01 1.385E-02 
3.500E+01 1.920E+00 4.000E-01 5.638E-08 2.578E-11 5.635E-08 4.573E-04 0.262E-01 1.444E-02 
4.000E+01 1.860E+00 5.000E-01 6.417E-08 1.545E-11 6.416E-08 2.407E-04 0.195E-01 1.643E-02 
