BC_MED
!Refractive Index of BC mid absorbing from Stier et al (2007)
!Wvelen(um) Real Part  Imag Part
2.0000E-01 1.85000e+00 7.10000e-01
2.5000E-01 1.85000e+00 7.10000e-01
3.0000E-01 1.85000e+00 7.10000e-01
3.3700E-01 1.85000e+00 7.10000e-01
4.0000E-01 1.85000e+00 7.10000e-01
4.8800E-01 1.85000e+00 7.10000e-01
5.1500E-01 1.85000e+00 7.10000e-01
5.5000E-01 1.85000e+00 7.10000e-01
6.3300E-01 1.85000e+00 7.10000e-01
6.9400E-01 1.85000e+00 7.10000e-01
8.6000E-01 1.85000e+00 7.10000e-01
1.0600E+00 1.85000e+00 7.10000e-01
1.3000E+00 1.85000e+00 7.10000e-01
1.5360E+00 1.85000e+00 7.10000e-01
1.8000E+00 1.85000e+00 7.10000e-01
2.0000E+00 1.85000e+00 7.10000e-01
2.2500E+00 1.85000e+00 7.10000e-01
2.5000E+00 1.85000e+00 7.10000e-01
2.7000E+00 1.85000e+00 7.10000e-01
3.0000E+00 1.85000e+00 7.10000e-01
3.2000E+00 1.85000e+00 7.10000e-01
3.3920E+00 1.85000e+00 7.10000e-01
3.5000E+00 1.85000e+00 7.10000e-01
3.7500E+00 1.85000e+00 7.10000e-01
4.0000E+00 1.85000e+00 7.10000e-01
4.5000E+00 1.85000e+00 7.10000e-01
5.0000E+00 1.85000e+00 7.10000e-01
5.5000E+00 1.85000e+00 7.10000e-01
6.0000E+00 1.85000e+00 7.10000e-01
6.2000E+00 1.85000e+00 7.10000e-01
6.5000E+00 1.85000e+00 7.10000e-01
7.2000E+00 1.85000e+00 7.10000e-01
7.9000E+00 1.85000e+00 7.10000e-01
8.2000E+00 1.85000e+00 7.10000e-01
8.5000E+00 1.85000e+00 7.10000e-01
8.7000E+00 1.85000e+00 7.10000e-01
9.0000E+00 1.85000e+00 7.10000e-01
9.2000E+00 1.85000e+00 7.10000e-01
9.5000E+00 1.85000e+00 7.10000e-01
9.8000E+00 1.85000e+00 7.10000e-01
1.0000E+01 1.85000e+00 7.10000e-01
1.0591E+01 1.85000e+00 7.10000e-01
1.1000E+01 1.85000e+00 7.10000e-01
1.1500E+01 1.85000e+00 7.10000e-01
1.2500E+01 1.85000e+00 7.10000e-01
1.3000E+01 1.85000e+00 7.10000e-01
1.4000E+01 1.85000e+00 7.10000e-01
1.4800E+01 1.85000e+00 7.10000e-01
1.5000E+01 1.85000e+00 7.10000e-01
1.6400E+01 1.85000e+00 7.10000e-01
1.7200E+01 1.85000e+00 7.10000e-01
1.8000E+01 1.85000e+00 7.10000e-01
1.8500E+01 1.85000e+00 7.10000e-01
2.0000E+01 1.85000e+00 7.10000e-01
2.1300E+01 1.85000e+00 7.10000e-01
2.2500E+01 1.85000e+00 7.10000e-01
2.5000E+01 1.85000e+00 7.10000e-01
2.7900E+01 1.85000e+00 7.10000e-01
3.0000E+01 1.85000e+00 7.10000e-01
3.5000E+01 1.85000e+00 7.10000e-01
4.0000E+01 1.85000e+00 7.10000e-01
