DUST
!     Optical Parmeters of water-insoluble (dust) aerosol material
!     consists mostly of soil particles with a certain amount of
!     organic material.
!     from file inso00 of
!     Hess, M. P. Koepke, and I. Schult, Optical properties of
!     aerosols and clouds: The software package OPAC, Bulletan of
!     the American Meteorological Society, Vol 79, No 5, 
!     pp 831 - 844, May 1998. 
!     OPAC is a downloadable data set of optical properties of 
!     10 aerosol components, 6 water clouds and 3 cirrus clouds 
!     at UV, visible and IR wavelengths
!     www.lrz-muenchen.de/~uh234an/www/radaer/opac.htm
! size distribution: lognormal
! ------------------
!   minimum radius, [um]:      5.000E-03
!   maximum radius, [um]:      2.000E+01
!                  sigma:      2.510E+00
!       Rmod (wet), [um]:      4.710E-01
!       Rmod (dry), [um]:      4.710E-01
! optical parameters:
! -------------------
!
!wavelength ref.real  ref.imag ext.coef  sca.coef  abs.coef  si.sc.alb asym.par   ext.nor 
! [um]                          [1/km]    [1/km]    [1/km]
1.500E-01 1.530E+00 5.200E-02
2.500E-01 1.530E+00 3.000E-02 8.052E-03 4.447E-03 3.604E-03 5.524E-01 0.939E+00 9.477E-01 
3.000E-01 1.530E+00 8.000E-03 8.132E-03 5.366E-03 2.766E-03 6.598E-01 0.882E+00 9.572E-01 
3.500E-01 1.530E+00 8.000E-03 8.213E-03 5.555E-03 2.658E-03 6.763E-01 0.871E+00 9.667E-01 
4.000E-01 1.530E+00 8.000E-03 8.282E-03 5.729E-03 2.553E-03 6.918E-01 0.860E+00 9.748E-01 
4.500E-01 1.530E+00 8.000E-03 8.359E-03 5.897E-03 2.463E-03 7.054E-01 0.849E+00 9.839E-01 
5.000E-01 1.530E+00 8.000E-03 8.424E-03 6.052E-03 2.372E-03 7.184E-01 0.840E+00 9.916E-01 
5.500E-01 1.530E+00 8.000E-03 8.496E-03 6.202E-03 2.294E-03 7.300E-01 0.831E+00 1.000E+00 
6.000E-01 1.530E+00 8.000E-03 8.562E-03 6.343E-03 2.219E-03 7.408E-01 0.822E+00 1.008E+00 
6.500E-01 1.530E+00 8.000E-03 8.634E-03 6.479E-03 2.155E-03 7.504E-01 0.815E+00 1.016E+00 
7.000E-01 1.530E+00 8.000E-03 8.698E-03 6.607E-03 2.091E-03 7.596E-01 0.808E+00 1.024E+00 
7.500E-01 1.530E+00 8.000E-03 8.755E-03 6.728E-03 2.027E-03 7.685E-01 0.801E+00 1.031E+00 
8.000E-01 1.520E+00 8.000E-03 8.817E-03 6.850E-03 1.967E-03 7.769E-01 0.797E+00 1.038E+00 
9.000E-01 1.520E+00 8.000E-03 8.935E-03 7.070E-03 1.865E-03 7.913E-01 0.787E+00 1.052E+00 
1.000E+00 1.520E+00 8.000E-03 9.039E-03 7.266E-03 1.773E-03 8.039E-01 0.777E+00 1.064E+00 
1.250E+00 1.460E+00 8.000E-03 9.283E-03 7.717E-03 1.566E-03 8.313E-01 0.780E+00 1.093E+00 
1.500E+00 1.410E+00 8.000E-03 9.386E-03 8.004E-03 1.382E-03 8.528E-01 0.791E+00 1.105E+00 
1.750E+00 1.340E+00 8.000E-03 9.243E-03 8.035E-03 1.208E-03 8.693E-01 0.822E+00 1.088E+00 
2.000E+00 1.260E+00 8.000E-03 8.601E-03 7.569E-03 1.032E-03 8.800E-01 0.868E+00 1.012E+00 
2.500E+00 1.180E+00 9.000E-03 6.782E-03 5.911E-03 8.712E-04 8.715E-01 0.915E+00 7.983E-01 
3.000E+00 1.160E+00 1.200E-02 5.628E-03 4.708E-03 9.202E-04 8.365E-01 0.923E+00 6.625E-01 
3.200E+00 1.220E+00 1.000E-02 6.709E-03 5.898E-03 8.106E-04 8.792E-01 0.886E+00 7.897E-01 
3.390E+00 1.258E+00 1.285E-02 7.139E-03 6.153E-03 9.858E-04 8.619E-01 0.864E+00 8.403E-01 
3.500E+00 1.280E+00 1.100E-02 7.364E-03 6.496E-03 8.675E-04 8.822E-01 0.848E+00 8.668E-01 
3.750E+00 1.270E+00 1.100E-02 6.971E-03 6.161E-03 8.098E-04 8.838E-01 0.852E+00 8.205E-01 
4.000E+00 1.260E+00 1.200E-02 6.563E-03 5.749E-03 8.141E-04 8.760E-01 0.857E+00 7.726E-01 
4.500E+00 1.260E+00 1.400E-02 6.095E-03 5.261E-03 8.341E-04 8.632E-01 0.854E+00 7.174E-01 
5.000E+00 1.250E+00 1.600E-02 5.498E-03 4.659E-03 8.389E-04 8.474E-01 0.857E+00 6.471E-01 
5.500E+00 1.220E+00 2.100E-02 4.587E-03 3.658E-03 9.296E-04 7.974E-01 0.871E+00 5.400E-01 
6.000E+00 1.150E+00 3.700E-02 3.121E-03 1.887E-03 1.234E-03 6.046E-01 0.898E+00 3.674E-01 
6.200E+00 1.140E+00 3.900E-02 2.872E-03 1.635E-03 1.237E-03 5.693E-01 0.900E+00 3.381E-01 
6.500E+00 1.130E+00 4.200E-02 2.615E-03 1.369E-03 1.246E-03 5.235E-01 0.899E+00 3.078E-01 
7.200E+00 1.400E+00 5.500E-02 6.029E-03 4.260E-03 1.768E-03 7.067E-01 0.778E+00 7.096E-01 
7.900E+00 1.150E+00 4.000E-02 2.378E-03 1.325E-03 1.053E-03 5.573E-01 0.877E+00 2.799E-01 
8.200E+00 1.130E+00 7.420E-02 2.499E-03 9.265E-04 1.572E-03 3.708E-01 0.869E+00 2.941E-01 
8.500E+00 1.300E+00 9.000E-02 4.418E-03 2.431E-03 1.986E-03 5.504E-01 0.811E+00 5.200E-01 
8.700E+00 1.400E+00 1.000E-01 5.355E-03 3.136E-03 2.220E-03 5.855E-01 0.773E+00 6.303E-01 
9.000E+00 1.700E+00 1.400E-01 7.368E-03 4.406E-03 2.963E-03 5.979E-01 0.677E+00 8.673E-01 
9.200E+00 1.720E+00 1.500E-01 7.385E-03 4.348E-03 3.037E-03 5.888E-01 0.672E+00 8.693E-01 
9.500E+00 1.730E+00 1.620E-01 7.311E-03 4.219E-03 3.093E-03 5.770E-01 0.669E+00 8.606E-01 
9.800E+00 1.740E+00 1.620E-01 7.238E-03 4.188E-03 3.050E-03 5.786E-01 0.663E+00 8.520E-01 
1.000E+01 1.750E+00 1.620E-01 7.206E-03 4.181E-03 3.025E-03 5.802E-01 0.658E+00 8.482E-01 
1.060E+01 1.620E+00 1.200E-01 6.234E-03 3.829E-03 2.405E-03 6.142E-01 0.682E+00 7.338E-01 
1.100E+01 1.620E+00 1.050E-01 6.059E-03 3.880E-03 2.179E-03 6.404E-01 0.674E+00 7.131E-01 
1.150E+01 1.590E+00 1.000E-01 5.666E-03 3.647E-03 2.019E-03 6.436E-01 0.679E+00 6.669E-01 
1.250E+01 1.510E+00 9.000E-02 4.735E-03 3.038E-03 1.696E-03 6.417E-01 0.697E+00 5.573E-01 
1.300E+01 1.470E+00 1.000E-01 4.321E-03 2.601E-03 1.720E-03 6.020E-01 0.708E+00 5.086E-01 
1.400E+01 1.520E+00 8.500E-02 4.311E-03 2.821E-03 1.490E-03 6.544E-01 0.681E+00 5.074E-01 
1.480E+01 1.570E+00 1.000E-01 4.440E-03 2.816E-03 1.624E-03 6.342E-01 0.661E+00 5.226E-01 
1.500E+01 1.570E+00 1.000E-01 4.383E-03 2.778E-03 1.605E-03 6.338E-01 0.660E+00 5.159E-01 
1.640E+01 1.600E+00 1.000E-01 4.177E-03 2.675E-03 1.502E-03 6.403E-01 0.641E+00 4.917E-01 
1.720E+01 1.630E+00 1.000E-01 4.136E-03 2.678E-03 1.458E-03 6.475E-01 0.627E+00 4.868E-01 
1.800E+01 1.640E+00 1.150E-01 4.037E-03 2.496E-03 1.540E-03 6.184E-01 0.621E+00 4.752E-01 
1.850E+01 1.640E+00 1.200E-01 3.938E-03 2.394E-03 1.544E-03 6.079E-01 0.619E+00 4.635E-01 
2.000E+01 1.680E+00 2.200E-01 4.093E-03 1.968E-03 2.125E-03 4.808E-01 0.601E+00 4.817E-01 
2.130E+01 1.770E+00 2.800E-01 4.309E-03 1.956E-03 2.353E-03 4.540E-01 0.571E+00 5.072E-01 
2.250E+01 1.900E+00 2.800E-01 4.445E-03 2.146E-03 2.299E-03 4.828E-01 0.542E+00 5.232E-01 
2.500E+01 1.970E+00 2.400E-01 4.090E-03 2.136E-03 1.954E-03 5.224E-01 0.519E+00 4.814E-01 
2.790E+01 1.890E+00 3.200E-01 3.635E-03 1.590E-03 2.046E-03 4.373E-01 0.513E+00 4.279E-01 
3.000E+01 1.800E+00 4.200E-01 3.471E-03 1.229E-03 2.242E-03 3.540E-01 0.498E+00 4.085E-01 
3.500E+01 1.900E+00 5.000E-01 3.258E-03 1.094E-03 2.164E-03 3.359E-01 0.451E+00 3.835E-01 
4.000E+01 2.100E+00 6.000E-01 3.146E-03 1.070E-03 2.076E-03 3.402E-01 0.401E+00 3.703E-01 
