SEASALT
!     Optical Parmeters of Sea Salt aerosol in accumulation mode 
!     at 0% relative huimidity from file ssam00 of
!     Hess, M. P. Koepke, and I. Schult, Optical properties of
!     aerosols and clouds: The software package OPAC, Bulletan of
!     the American Meteorological Society, Vol 79, No 5, 
!     pp 831 - 844, May 1998. 
!     OPAC is a downloadable data set of optical properties of 
!     10 aerosol components, 6 water clouds and 3 cirrus clouds 
!     at UV, visible and IR wavelengths
!     www.lrz-muenchen.de/~uh234an/www/radaer/opac.htm
! size distribution: lognormal
! ------------------
!   minimum radius, [um]:      5.000E-03
!   maximum radius, [um]:      2.000E+01
!                  sigma:      2.030E+00
!       Rmod (wet), [um]:      2.090E-01
!       Rmod (dry), [um]:      2.090E-01
! optical parameters:
! -------------------
!wavelength ref.real ref.imag  ext.coef  sca.coef  abs.coef  si.sc.alb asym.par   ext.nor 
! [um]                           [1/km]    [1/km]    [1/km]
1.500E-01 1.510E+00 8.000E-06 
2.500E-01 1.510E+00 5.000E-06 9.046E-04 9.044E-04 1.664E-07 9.998E-01 0.721E+00 8.801E-01
3.000E-01 1.510E+00 2.000E-06 9.368E-04 9.367E-04 6.511E-08 9.999E-01 0.706E+00 9.114E-01
3.500E-01 1.510E+00 3.240E-07 9.615E-04 9.615E-04 1.049E-08 1.000E+00 0.699E+00 9.354E-01
4.000E-01 1.500E+00 3.000E-08 9.847E-04 9.847E-04 5.869E-10 1.000E+00 0.698E+00 9.580E-01
4.500E-01 1.500E+00 2.430E-08 1.000E-03 1.000E-03 7.752E-10 1.000E+00 0.696E+00 9.733E-01
5.000E-01 1.500E+00 1.550E-08 1.016E-03 1.016E-03 2.423E-10 1.000E+00 0.693E+00 9.887E-01
5.500E-01 1.500E+00 1.000E-08 1.028E-03 1.028E-03 2.451E-10 1.000E+00 0.691E+00 1.000E+00
6.000E-01 1.490E+00 1.600E-08 1.030E-03 1.030E-03 3.682E-10 1.000E+00 0.697E+00 1.002E+00
6.500E-01 1.490E+00 4.240E-08 1.034E-03 1.034E-03 6.776E-10 1.000E+00 0.696E+00 1.005E+00
7.000E-01 1.490E+00 2.000E-07 1.031E-03 1.031E-03 3.073E-09 1.000E+00 0.696E+00 1.003E+00
7.500E-01 1.490E+00 1.080E-06 1.024E-03 1.024E-03 1.331E-08 1.000E+00 0.697E+00 9.963E-01
8.000E-01 1.480E+00 1.950E-06 1.012E-03 1.012E-03 2.184E-08 1.000E+00 0.702E+00 9.846E-01
9.000E-01 1.480E+00 4.240E-05 9.886E-04 9.882E-04 4.255E-07 9.996E-01 0.702E+00 9.618E-01
1.000E+00 1.470E+00 1.410E-04 9.489E-04 9.477E-04 1.231E-06 9.987E-01 0.708E+00 9.232E-01
1.250E+00 1.470E+00 3.580E-04 8.546E-04 8.522E-04 2.436E-06 9.971E-01 0.704E+00 8.315E-01
1.500E+00 1.460E+00 5.700E-04 7.431E-04 7.400E-04 3.080E-06 9.959E-01 0.705E+00 7.230E-01
1.750E+00 1.450E+00 7.620E-04 6.363E-04 6.329E-04 3.400E-06 9.947E-01 0.703E+00 6.190E-01
2.000E+00 1.450E+00 1.000E-03 5.531E-04 5.494E-04 3.779E-06 9.932E-01 0.695E+00 5.382E-01
2.500E+00 1.430E+00 4.000E-03 3.971E-04 3.861E-04 1.102E-05 9.723E-01 0.688E+00 3.864E-01
3.000E+00 1.610E+00 1.000E-02 4.717E-04 4.468E-04 2.494E-05 9.471E-01 0.598E+00 4.589E-01
3.200E+00 1.490E+00 3.000E-03 3.260E-04 3.196E-04 6.417E-06 9.803E-01 0.635E+00 3.172E-01
3.390E+00 1.480E+00 2.050E-03 2.887E-04 2.846E-04 4.046E-06 9.860E-01 0.631E+00 2.808E-01
3.500E+00 1.480E+00 1.600E-03 2.730E-04 2.700E-04 3.031E-06 9.889E-01 0.627E+00 2.656E-01
3.750E+00 1.470E+00 1.400E-03 2.347E-04 2.323E-04 2.399E-06 9.898E-01 0.622E+00 2.284E-01
4.000E+00 1.480E+00 1.400E-03 2.155E-04 2.133E-04 2.216E-06 9.897E-01 0.609E+00 2.097E-01
4.500E+00 1.490E+00 1.400E-03 1.779E-04 1.760E-04 1.899E-06 9.893E-01 0.589E+00 1.731E-01
5.000E+00 1.470E+00 2.500E-03 1.352E-04 1.323E-04 2.887E-06 9.786E-01 0.577E+00 1.315E-01
5.500E+00 1.420E+00 3.600E-03 9.193E-05 8.838E-05 3.553E-06 9.614E-01 0.572E+00 8.944E-02
6.000E+00 1.410E+00 1.100E-02 7.717E-05 6.766E-05 9.510E-06 8.768E-01 0.556E+00 7.508E-02
6.200E+00 1.600E+00 2.200E-02 1.361E-04 1.170E-04 1.915E-05 8.593E-01 0.514E+00 1.324E-01
6.500E+00 1.460E+00 5.000E-03 7.433E-05 7.033E-05 3.999E-06 9.462E-01 0.530E+00 7.231E-02
7.200E+00 1.420E+00 7.000E-03 5.102E-05 4.620E-05 4.822E-06 9.055E-01 0.514E+00 4.964E-02
7.900E+00 1.400E+00 1.300E-02 4.064E-05 3.277E-05 7.867E-06 8.064E-01 0.494E+00 3.954E-02
8.200E+00 1.420E+00 2.000E-02 4.355E-05 3.206E-05 1.148E-05 7.363E-01 0.482E+00 4.237E-02
8.500E+00 1.480E+00 2.600E-02 5.118E-05 3.695E-05 1.422E-05 7.221E-01 0.468E+00 4.979E-02
8.700E+00 1.600E+00 3.000E-02 6.757E-05 5.159E-05 1.598E-05 7.636E-01 0.453E+00 6.574E-02
9.000E+00 1.650E+00 2.800E-02 6.899E-05 5.467E-05 1.432E-05 7.925E-01 0.442E+00 6.712E-02
9.200E+00 1.610E+00 2.620E-02 5.939E-05 4.642E-05 1.297E-05 7.816E-01 0.441E+00 5.778E-02
9.500E+00 1.580E+00 1.800E-02 4.831E-05 3.973E-05 8.587E-06 8.223E-01 0.437E+00 4.701E-02
9.800E+00 1.560E+00 1.600E-02 4.179E-05 3.446E-05 7.327E-06 8.246E-01 0.432E+00 4.065E-02
1.000E+01 1.540E+00 1.500E-02 3.728E-05 3.059E-05 6.693E-06 8.205E-01 0.429E+00 3.627E-02
1.060E+01 1.500E+00 1.400E-02 2.841E-05 2.261E-05 5.804E-06 7.957E-01 0.418E+00 2.764E-02
1.100E+01 1.480E+00 1.400E-02 2.440E-05 1.886E-05 5.547E-06 7.727E-01 0.410E+00 2.374E-02
1.150E+01 1.480E+00 1.400E-02 2.185E-05 1.660E-05 5.241E-06 7.601E-01 0.399E+00 2.125E-02
1.250E+01 1.420E+00 1.600E-02 1.550E-05 1.003E-05 5.465E-06 6.473E-01 0.378E+00 1.508E-02
1.300E+01 1.410E+00 1.800E-02 1.436E-05 8.489E-06 5.875E-06 5.910E-01 0.367E+00 1.397E-02
1.400E+01 1.410E+00 2.300E-02 1.360E-05 6.738E-06 6.863E-06 4.954E-01 0.347E+00 1.323E-02
1.480E+01 1.430E+00 3.000E-02 1.449E-05 6.178E-06 8.311E-06 4.264E-01 0.333E+00 1.410E-02
1.500E+01 1.450E+00 3.500E-02 1.589E-05 6.433E-06 9.461E-06 4.047E-01 0.330E+00 1.546E-02
1.640E+01 1.560E+00 9.000E-02 2.766E-05 7.028E-06 2.063E-05 2.541E-01 0.305E+00 2.691E-02
1.720E+01 1.740E+00 1.200E-01 3.350E-05 9.767E-06 2.373E-05 2.915E-01 0.301E+00 3.259E-02
1.800E+01 1.780E+00 1.300E-01 3.299E-05 9.225E-06 2.376E-05 2.797E-01 0.293E+00 3.209E-02
1.850E+01 1.770E+00 1.350E-01 3.219E-05 8.261E-06 2.393E-05 2.566E-01 0.286E+00 3.132E-02
2.000E+01 1.760E+00 1.520E-01 3.078E-05 6.265E-06 2.451E-05 2.035E-01 0.267E+00 2.994E-02
2.130E+01 1.760E+00 1.650E-01 2.970E-05 5.096E-06 2.461E-05 1.716E-01 0.252E+00 2.890E-02
2.250E+01 1.760E+00 1.800E-01 2.934E-05 4.251E-06 2.509E-05 1.449E-01 0.240E+00 2.855E-02
2.500E+01 1.760E+00 2.050E-01 2.819E-05 2.996E-06 2.519E-05 1.063E-01 0.216E+00 2.742E-02
2.790E+01 1.770E+00 2.750E-01 3.155E-05 2.144E-06 2.941E-05 6.794E-02 0.188E+00 3.070E-02
3.000E+01 1.770E+00 3.000E-01 3.120E-05 1.691E-06 2.951E-05 5.419E-02 0.173E+00 3.036E-02
3.500E+01 1.760E+00 5.000E-01 4.219E-05 1.138E-06 4.105E-05 2.697E-02 0.131E+00 4.105E-02
4.000E+01 1.740E+00 1.000E+00 6.742E-05 1.263E-06 6.616E-05 1.874E-02 0.844E-01 6.559E-02
