# sea salt (coa., 0%) 
#
# size distribution: lognormal
# ------------------
#
#   minimum radius, [um]:      5.000E-03
#   maximum radius, [um]:      6.000E+01
#                  sigma:      2.030E+00
#       Rmod (wet), [um]:      1.750E+00
#       Rmod (dry), [um]:      1.750E+00
#
# optical parameters:
# -------------------
#
# wavelength ext.coef  sca.coef  abs.coef  si.sc.alb  asym.par  ext.nor    ref.real  ref.imag
#     [um]     [1/km]    [1/km]    [1/km]
#
#  2.500E-01 5.478E-02 5.470E-02 8.128E-05 9.985E-01 0.810E+00 9.667E-01  1.510E+00 -5.000E-06
#  3.000E-01 5.520E-02 5.517E-02 2.653E-05 9.995E-01 0.810E+00 9.741E-01  1.510E+00 -2.000E-06
#  3.500E-01 5.551E-02 5.551E-02 5.436E-06 9.999E-01 0.804E+00 9.797E-01  1.510E+00 -3.240E-07
#  4.000E-01 5.559E-02 5.559E-02 3.347E-07 1.000E+00 0.805E+00 9.810E-01  1.500E+00 -3.000E-08
#  4.500E-01 5.601E-02 5.601E-02 2.905E-07 1.000E+00 0.803E+00 9.885E-01  1.500E+00 -2.430E-08
#  5.000E-01 5.627E-02 5.627E-02 9.056E-08 1.000E+00 0.799E+00 9.930E-01  1.500E+00 -1.550E-08
#  5.500E-01 5.667E-02 5.667E-02 6.755E-08 1.000E+00 0.795E+00 1.000E+00  1.500E+00 -1.000E-08
#  6.000E-01 5.663E-02 5.663E-02 1.283E-07 1.000E+00 0.797E+00 9.993E-01  1.490E+00 -1.600E-08
#  6.500E-01 5.724E-02 5.724E-02 2.661E-07 1.000E+00 0.792E+00 1.010E+00  1.490E+00 -4.240E-08
#  7.000E-01 5.750E-02 5.750E-02 1.296E-06 1.000E+00 0.788E+00 1.015E+00  1.490E+00 -2.000E-07
#  7.500E-01 5.739E-02 5.738E-02 6.540E-06 9.999E-01 0.788E+00 1.013E+00  1.490E+00 -1.080E-06
#  8.000E-01 5.749E-02 5.748E-02 1.039E-05 9.998E-01 0.789E+00 1.015E+00  1.480E+00 -1.950E-06
#  9.000E-01 5.829E-02 5.808E-02 2.116E-04 9.964E-01 0.781E+00 1.029E+00  1.480E+00 -4.240E-05
#  1.000E+00 5.889E-02 5.826E-02 6.228E-04 9.894E-01 0.781E+00 1.039E+00  1.470E+00 -1.410E-04
#  1.250E+00 6.017E-02 5.891E-02 1.251E-03 9.792E-01 0.769E+00 1.062E+00  1.470E+00 -3.580E-04
#  1.500E+00 6.092E-02 5.931E-02 1.613E-03 9.735E-01 0.766E+00 1.075E+00  1.460E+00 -5.700E-04
#  1.750E+00 6.272E-02 6.077E-02 1.950E-03 9.689E-01 0.757E+00 1.107E+00  1.450E+00 -7.620E-04
#  2.000E+00 6.363E-02 6.145E-02 2.173E-03 9.658E-01 0.753E+00 1.123E+00  1.450E+00 -1.000E-03
#  2.500E+00 6.629E-02 6.014E-02 6.156E-03 9.071E-01 0.766E+00 1.170E+00  1.430E+00 -4.000E-03
#  3.000E+00 6.660E-02 5.513E-02 1.147E-02 8.278E-01 0.716E+00 1.175E+00  1.610E+00 -1.000E-02
#  3.200E+00 6.844E-02 6.436E-02 4.079E-03 9.404E-01 0.722E+00 1.208E+00  1.490E+00 -3.000E-03
#  3.390E+00 6.927E-02 6.644E-02 2.827E-03 9.592E-01 0.719E+00 1.222E+00  1.480E+00 -2.050E-03
#  3.500E+00 6.957E-02 6.741E-02 2.158E-03 9.690E-01 0.716E+00 1.228E+00  1.480E+00 -1.600E-03
#  3.750E+00 7.030E-02 6.852E-02 1.781E-03 9.747E-01 0.718E+00 1.241E+00  1.470E+00 -1.400E-03
#  4.000E+00 7.074E-02 6.905E-02 1.684E-03 9.762E-01 0.712E+00 1.248E+00  1.480E+00 -1.400E-03
#  4.500E+00 7.172E-02 7.018E-02 1.533E-03 9.786E-01 0.704E+00 1.266E+00  1.490E+00 -1.400E-03
#  5.000E+00 7.194E-02 6.954E-02 2.402E-03 9.666E-01 0.718E+00 1.270E+00  1.470E+00 -2.500E-03
#  5.500E+00 7.044E-02 6.751E-02 2.927E-03 9.584E-01 0.751E+00 1.243E+00  1.420E+00 -3.600E-03
#  6.000E+00 6.866E-02 6.160E-02 7.066E-03 8.971E-01 0.772E+00 1.212E+00  1.410E+00 -1.100E-02
#  6.200E+00 7.293E-02 5.988E-02 1.305E-02 8.211E-01 0.693E+00 1.287E+00  1.600E+00 -2.200E-02
#  6.500E+00 7.025E-02 6.675E-02 3.502E-03 9.502E-01 0.728E+00 1.240E+00  1.460E+00 -5.000E-03
#  7.200E+00 6.644E-02 6.230E-02 4.141E-03 9.377E-01 0.755E+00 1.173E+00  1.420E+00 -7.000E-03
#  7.900E+00 6.245E-02 5.610E-02 6.348E-03 8.983E-01 0.774E+00 1.102E+00  1.400E+00 -1.300E-02
#  8.200E+00 6.266E-02 5.381E-02 8.847E-03 8.588E-01 0.770E+00 1.106E+00  1.420E+00 -2.000E-02
#  8.500E+00 6.551E-02 5.454E-02 1.098E-02 8.324E-01 0.743E+00 1.156E+00  1.480E+00 -2.600E-02
#  8.700E+00 7.044E-02 5.753E-02 1.291E-02 8.168E-01 0.687E+00 1.243E+00  1.600E+00 -3.000E-02
#  9.000E+00 7.164E-02 5.929E-02 1.235E-02 8.276E-01 0.660E+00 1.264E+00  1.650E+00 -2.800E-02
#  9.200E+00 7.006E-02 5.872E-02 1.134E-02 8.382E-01 0.675E+00 1.236E+00  1.610E+00 -2.620E-02
#  9.500E+00 6.857E-02 6.040E-02 8.164E-03 8.809E-01 0.676E+00 1.210E+00  1.580E+00 -1.800E-02
#  9.800E+00 6.699E-02 5.986E-02 7.126E-03 8.936E-01 0.682E+00 1.182E+00  1.560E+00 -1.600E-02
#  1.000E+01 6.544E-02 5.890E-02 6.536E-03 9.001E-01 0.690E+00 1.155E+00  1.540E+00 -1.500E-02
#  1.060E+01 6.121E-02 5.556E-02 5.650E-03 9.077E-01 0.707E+00 1.080E+00  1.500E+00 -1.400E-02
#  1.100E+01 5.848E-02 5.313E-02 5.355E-03 9.084E-01 0.717E+00 1.032E+00  1.480E+00 -1.400E-02
#  1.150E+01 5.689E-02 5.177E-02 5.128E-03 9.099E-01 0.714E+00 1.004E+00  1.480E+00 -1.400E-02
#  1.250E+01 4.832E-02 4.332E-02 5.000E-03 8.965E-01 0.744E+00 8.527E-01  1.420E+00 -1.600E-02
#  1.300E+01 4.574E-02 4.048E-02 5.268E-03 8.848E-01 0.748E+00 8.073E-01  1.410E+00 -1.800E-02
#  1.400E+01 4.274E-02 3.672E-02 6.021E-03 8.591E-01 0.745E+00 7.543E-01  1.410E+00 -2.300E-02
#  1.480E+01 4.242E-02 3.519E-02 7.225E-03 8.297E-01 0.735E+00 7.486E-01  1.430E+00 -3.000E-02
#  1.500E+01 4.369E-02 3.548E-02 8.205E-03 8.122E-01 0.727E+00 7.710E-01  1.450E+00 -3.500E-02
#  1.640E+01 4.864E-02 3.272E-02 1.592E-02 6.727E-01 0.696E+00 8.584E-01  1.560E+00 -9.000E-02
#  1.720E+01 5.657E-02 3.671E-02 1.987E-02 6.488E-01 0.642E+00 9.984E-01  1.740E+00 -1.200E-01
#  1.800E+01 5.663E-02 3.623E-02 2.041E-02 6.397E-01 0.628E+00 9.994E-01  1.780E+00 -1.300E-01
#  1.850E+01 5.518E-02 3.488E-02 2.031E-02 6.320E-01 0.630E+00 9.739E-01  1.770E+00 -1.350E-01
#  2.000E+01 5.182E-02 3.153E-02 2.029E-02 6.084E-01 0.627E+00 9.145E-01  1.760E+00 -1.520E-01
#  2.130E+01 4.945E-02 2.927E-02 2.019E-02 5.918E-01 0.621E+00 8.727E-01  1.760E+00 -1.650E-01
#  2.250E+01 4.744E-02 2.720E-02 2.024E-02 5.733E-01 0.615E+00 8.372E-01  1.760E+00 -1.800E-01
#  2.500E+01 4.364E-02 2.369E-02 1.995E-02 5.429E-01 0.602E+00 7.701E-01  1.760E+00 -2.050E-01
#  2.790E+01 4.099E-02 1.966E-02 2.133E-02 4.796E-01 0.581E+00 7.233E-01  1.770E+00 -2.750E-01
#  3.000E+01 3.882E-02 1.772E-02 2.109E-02 4.566E-01 0.566E+00 6.850E-01  1.770E+00 -3.000E-01
#  3.500E+01 3.788E-02 1.346E-02 2.442E-02 3.554E-01 0.510E+00 6.684E-01  1.760E+00 -5.000E-01
#  4.000E+01 4.516E-02 1.370E-02 3.146E-02 3.034E-01 0.396E+00 7.970E-01  1.740E+00 -1.000E+00
#
# volume phase function [1/km]:
# -----------------------------
#
# sca.ang. | wavelengths --->
# ---------|------------------
#          | 2.500E-01 3.000E-01 3.500E-01 4.000E-01 4.500E-01 5.000E-01 5.500E-01 6.000E-01 6.500E-01 7.000E-01 7.500E-01 8.000E-01 9.000E-01 1.000E+00 1.250E+00 1.500E+00 1.750E+00 2.000E+00 2.500E+00 3.000E+00 3.200E+00 3.390E+00 3.500E+00 3.750E+00 4.000E+00 4.500E+00 5.000E+00 5.500E+00 6.000E+00 6.200E+00 6.500E+00 7.200E+00 7.900E+00 8.200E+00 8.500E+00 8.700E+00 9.000E+00 9.200E+00 9.500E+00 9.800E+00 1.000E+01 1.060E+01 1.100E+01 1.150E+01 1.250E+01 1.300E+01 1.400E+01 1.480E+01 1.500E+01 1.640E+01 1.720E+01 1.800E+01 1.850E+01 2.000E+01 2.130E+01 2.250E+01 2.500E+01 2.790E+01 3.000E+01 3.500E+01 4.000E+01
#
  0.000E+00  8.437E+01 5.907E+01 4.364E+01 3.314E+01 2.671E+01 2.169E+01 1.802E+01 1.523E+01 1.308E+01 1.133E+01 9.908E+00 8.702E+00 6.982E+00 5.709E+00 3.737E+00 2.621E+00 1.984E+00 1.538E+00 1.030E+00 7.222E-01 6.550E-01 5.985E-01 5.644E-01 5.026E-01 4.487E-01 3.682E-01 3.140E-01 2.752E-01 2.374E-01 2.069E-01 2.083E-01 1.809E-01 1.554E-01 1.428E-01 1.307E-01 1.209E-01 1.135E-01 1.114E-01 1.087E-01 1.049E-01 1.027E-01 9.533E-02 9.045E-02 8.433E-02 7.315E-02 6.768E-02 5.817E-02 5.177E-02 5.020E-02 3.942E-02 3.640E-02 3.354E-02 3.181E-02 2.724E-02 2.402E-02 2.140E-02 1.713E-02 1.304E-02 1.105E-02 7.231E-03 5.698E-03
  1.000E-01  7.246E+01 5.296E+01 4.020E+01 3.108E+01 2.539E+01 2.081E+01 1.741E+01 1.479E+01 1.276E+01 1.109E+01 9.725E+00 8.559E+00 6.892E+00 5.649E+00 3.712E+00 2.609E+00 1.977E+00 1.534E+00 1.028E+00 7.213E-01 6.544E-01 5.980E-01 5.639E-01 5.023E-01 4.484E-01 3.680E-01 3.139E-01 2.752E-01 2.373E-01 2.068E-01 2.082E-01 1.809E-01 1.554E-01 1.428E-01 1.307E-01 1.209E-01 1.135E-01 1.114E-01 1.087E-01 1.049E-01 1.026E-01 9.532E-02 9.044E-02 8.433E-02 7.315E-02 6.768E-02 5.816E-02 5.177E-02 5.020E-02 3.942E-02 3.639E-02 3.354E-02 3.181E-02 2.724E-02 2.402E-02 2.140E-02 1.713E-02 1.304E-02 1.105E-02 7.230E-03 5.698E-03
  2.000E-01  5.318E+01 4.156E+01 3.310E+01 2.651E+01 2.227E+01 1.865E+01 1.586E+01 1.366E+01 1.191E+01 1.045E+01 9.224E+00 8.165E+00 6.639E+00 5.479E+00 3.639E+00 2.573E+00 1.957E+00 1.522E+00 1.023E+00 7.188E-01 6.524E-01 5.964E-01 5.625E-01 5.012E-01 4.476E-01 3.675E-01 3.135E-01 2.749E-01 2.372E-01 2.067E-01 2.081E-01 1.808E-01 1.553E-01 1.427E-01 1.307E-01 1.208E-01 1.135E-01 1.113E-01 1.087E-01 1.048E-01 1.026E-01 9.530E-02 9.042E-02 8.431E-02 7.313E-02 6.767E-02 5.815E-02 5.176E-02 5.020E-02 3.941E-02 3.639E-02 3.353E-02 3.180E-02 2.724E-02 2.402E-02 2.140E-02 1.713E-02 1.304E-02 1.105E-02 7.230E-03 5.698E-03
  3.000E-01  3.808E+01 3.159E+01 2.628E+01 2.178E+01 1.881E+01 1.610E+01 1.395E+01 1.220E+01 1.078E+01 9.564E+00 8.524E+00 7.603E+00 6.267E+00 5.224E+00 3.526E+00 2.516E+00 1.925E+00 1.503E+00 1.015E+00 7.147E-01 6.492E-01 5.938E-01 5.602E-01 4.995E-01 4.462E-01 3.666E-01 3.129E-01 2.745E-01 2.369E-01 2.064E-01 2.079E-01 1.807E-01 1.552E-01 1.426E-01 1.306E-01 1.207E-01 1.134E-01 1.113E-01 1.086E-01 1.048E-01 1.026E-01 9.526E-02 9.039E-02 8.428E-02 7.311E-02 6.765E-02 5.814E-02 5.175E-02 5.018E-02 3.940E-02 3.638E-02 3.353E-02 3.180E-02 2.723E-02 2.402E-02 2.140E-02 1.712E-02 1.304E-02 1.105E-02 7.230E-03 5.698E-03
  4.000E-01  2.744E+01 2.396E+01 2.071E+01 1.772E+01 1.568E+01 1.371E+01 1.209E+01 1.073E+01 9.599E+00 8.612E+00 7.751E+00 6.969E+00 5.831E+00 4.916E+00 3.383E+00 2.442E+00 1.883E+00 1.477E+00 1.003E+00 7.091E-01 6.448E-01 5.902E-01 5.571E-01 4.970E-01 4.443E-01 3.654E-01 3.121E-01 2.739E-01 2.364E-01 2.060E-01 2.076E-01 1.804E-01 1.551E-01 1.425E-01 1.305E-01 1.206E-01 1.133E-01 1.112E-01 1.085E-01 1.047E-01 1.025E-01 9.521E-02 9.034E-02 8.424E-02 7.308E-02 6.762E-02 5.812E-02 5.174E-02 5.017E-02 3.939E-02 3.638E-02 3.352E-02 3.179E-02 2.723E-02 2.401E-02 2.140E-02 1.712E-02 1.304E-02 1.105E-02 7.229E-03 5.697E-03
  5.000E-01  2.005E+01 1.829E+01 1.636E+01 1.442E+01 1.303E+01 1.162E+01 1.041E+01 9.368E+00 8.484E+00 7.692E+00 6.987E+00 6.332E+00 5.376E+00 4.584E+00 3.220E+00 2.354E+00 1.832E+00 1.446E+00 9.894E-01 7.020E-01 6.392E-01 5.857E-01 5.531E-01 4.939E-01 4.419E-01 3.638E-01 3.110E-01 2.732E-01 2.359E-01 2.056E-01 2.072E-01 1.802E-01 1.549E-01 1.423E-01 1.303E-01 1.205E-01 1.132E-01 1.111E-01 1.084E-01 1.046E-01 1.024E-01 9.514E-02 9.028E-02 8.419E-02 7.304E-02 6.759E-02 5.809E-02 5.171E-02 5.015E-02 3.938E-02 3.636E-02 3.351E-02 3.178E-02 2.722E-02 2.401E-02 2.139E-02 1.712E-02 1.303E-02 1.105E-02 7.228E-03 5.697E-03
  6.000E-01  1.490E+01 1.411E+01 1.300E+01 1.179E+01 1.084E+01 9.838E+00 8.952E+00 8.157E+00 7.473E+00 6.844E+00 6.273E+00 5.727E+00 4.930E+00 4.251E+00 3.047E+00 2.258E+00 1.774E+00 1.410E+00 9.730E-01 6.936E-01 6.326E-01 5.803E-01 5.483E-01 4.902E-01 4.389E-01 3.620E-01 3.097E-01 2.723E-01 2.353E-01 2.050E-01 2.067E-01 1.798E-01 1.546E-01 1.421E-01 1.301E-01 1.203E-01 1.130E-01 1.109E-01 1.083E-01 1.045E-01 1.023E-01 9.506E-02 9.021E-02 8.413E-02 7.300E-02 6.755E-02 5.806E-02 5.169E-02 5.013E-02 3.936E-02 3.635E-02 3.350E-02 3.177E-02 2.721E-02 2.400E-02 2.139E-02 1.711E-02 1.303E-02 1.104E-02 7.227E-03 5.696E-03
  7.000E-01  1.125E+01 1.100E+01 1.042E+01 9.692E+00 9.051E+00 8.346E+00 7.703E+00 7.099E+00 6.574E+00 6.078E+00 5.619E+00 5.168E+00 4.509E+00 3.929E+00 2.873E+00 2.157E+00 1.712E+00 1.370E+00 9.546E-01 6.840E-01 6.250E-01 5.741E-01 5.428E-01 4.860E-01 4.356E-01 3.598E-01 3.082E-01 2.712E-01 2.345E-01 2.043E-01 2.061E-01 1.794E-01 1.544E-01 1.419E-01 1.299E-01 1.201E-01 1.129E-01 1.108E-01 1.082E-01 1.044E-01 1.022E-01 9.496E-02 9.013E-02 8.406E-02 7.294E-02 6.750E-02 5.803E-02 5.166E-02 5.010E-02 3.934E-02 3.634E-02 3.349E-02 3.176E-02 2.720E-02 2.399E-02 2.138E-02 1.711E-02 1.303E-02 1.104E-02 7.226E-03 5.696E-03
  8.000E-01  8.632E+00 8.662E+00 8.415E+00 8.014E+00 7.588E+00 7.101E+00 6.642E+00 6.185E+00 5.785E+00 5.396E+00 5.029E+00 4.659E+00 4.117E+00 3.625E+00 2.701E+00 2.055E+00 1.648E+00 1.328E+00 9.345E-01 6.734E-01 6.166E-01 5.672E-01 5.366E-01 4.812E-01 4.317E-01 3.573E-01 3.065E-01 2.700E-01 2.336E-01 2.036E-01 2.055E-01 1.790E-01 1.540E-01 1.416E-01 1.297E-01 1.199E-01 1.127E-01 1.106E-01 1.080E-01 1.043E-01 1.021E-01 9.485E-02 9.003E-02 8.398E-02 7.288E-02 6.744E-02 5.798E-02 5.162E-02 5.006E-02 3.932E-02 3.632E-02 3.347E-02 3.175E-02 2.719E-02 2.399E-02 2.137E-02 1.711E-02 1.303E-02 1.104E-02 7.225E-03 5.695E-03
  9.000E-01  6.717E+00 6.895E+00 6.855E+00 6.664E+00 6.392E+00 6.064E+00 5.742E+00 5.398E+00 5.097E+00 4.795E+00 4.501E+00 4.200E+00 3.756E+00 3.341E+00 2.536E+00 1.953E+00 1.582E+00 1.284E+00 9.130E-01 6.619E-01 6.074E-01 5.596E-01 5.298E-01 4.759E-01 4.275E-01 3.546E-01 3.046E-01 2.687E-01 2.326E-01 2.027E-01 2.047E-01 1.785E-01 1.537E-01 1.413E-01 1.294E-01 1.197E-01 1.125E-01 1.104E-01 1.078E-01 1.041E-01 1.019E-01 9.473E-02 8.992E-02 8.388E-02 7.281E-02 6.738E-02 5.793E-02 5.159E-02 5.003E-02 3.930E-02 3.630E-02 3.345E-02 3.173E-02 2.718E-02 2.398E-02 2.136E-02 1.710E-02 1.302E-02 1.104E-02 7.223E-03 5.694E-03
  1.000E+00  5.295E+00 5.544E+00 5.628E+00 5.569E+00 5.411E+00 5.199E+00 4.980E+00 4.722E+00 4.500E+00 4.266E+00 4.032E+00 3.788E+00 3.425E+00 3.077E+00 2.378E+00 1.855E+00 1.517E+00 1.240E+00 8.906E-01 6.497E-01 5.975E-01 5.515E-01 5.226E-01 4.702E-01 4.230E-01 3.516E-01 3.026E-01 2.672E-01 2.316E-01 2.018E-01 2.039E-01 1.779E-01 1.533E-01 1.409E-01 1.291E-01 1.194E-01 1.122E-01 1.102E-01 1.076E-01 1.039E-01 1.018E-01 9.459E-02 8.979E-02 8.378E-02 7.273E-02 6.731E-02 5.788E-02 5.154E-02 4.999E-02 3.927E-02 3.627E-02 3.343E-02 3.171E-02 2.717E-02 2.397E-02 2.136E-02 1.709E-02 1.302E-02 1.103E-02 7.222E-03 5.693E-03
  1.100E+00  4.224E+00 4.503E+00 4.656E+00 4.677E+00 4.602E+00 4.474E+00 4.333E+00 4.142E+00 3.981E+00 3.802E+00 3.616E+00 3.420E+00 3.124E+00 2.833E+00 2.228E+00 1.759E+00 1.453E+00 1.196E+00 8.676E-01 6.369E-01 5.872E-01 5.429E-01 5.149E-01 4.641E-01 4.181E-01 3.484E-01 3.003E-01 2.656E-01 2.304E-01 2.008E-01 2.030E-01 1.773E-01 1.528E-01 1.405E-01 1.288E-01 1.191E-01 1.120E-01 1.099E-01 1.074E-01 1.037E-01 1.016E-01 9.444E-02 8.966E-02 8.366E-02 7.264E-02 6.723E-02 5.782E-02 5.149E-02 4.994E-02 3.924E-02 3.625E-02 3.341E-02 3.169E-02 2.715E-02 2.395E-02 2.135E-02 1.709E-02 1.301E-02 1.103E-02 7.220E-03 5.691E-03
  1.200E+00  3.406E+00 3.692E+00 3.879E+00 3.946E+00 3.933E+00 3.866E+00 3.782E+00 3.643E+00 3.531E+00 3.396E+00 3.247E+00 3.091E+00 2.852E+00 2.610E+00 2.087E+00 1.667E+00 1.390E+00 1.152E+00 8.442E-01 6.236E-01 5.764E-01 5.339E-01 5.068E-01 4.577E-01 4.129E-01 3.449E-01 2.979E-01 2.639E-01 2.291E-01 1.997E-01 2.021E-01 1.766E-01 1.523E-01 1.401E-01 1.284E-01 1.188E-01 1.117E-01 1.097E-01 1.072E-01 1.035E-01 1.014E-01 9.427E-02 8.951E-02 8.353E-02 7.254E-02 6.715E-02 5.776E-02 5.144E-02 4.989E-02 3.920E-02 3.622E-02 3.339E-02 3.167E-02 2.714E-02 2.394E-02 2.133E-02 1.708E-02 1.301E-02 1.103E-02 7.218E-03 5.690E-03
  1.300E+00  2.774E+00 3.055E+00 3.254E+00 3.345E+00 3.377E+00 3.354E+00 3.312E+00 3.213E+00 3.140E+00 3.039E+00 2.920E+00 2.797E+00 2.605E+00 2.405E+00 1.954E+00 1.579E+00 1.329E+00 1.109E+00 8.206E-01 6.100E-01 5.653E-01 5.245E-01 4.984E-01 4.510E-01 4.075E-01 3.413E-01 2.954E-01 2.621E-01 2.278E-01 1.985E-01 2.011E-01 1.759E-01 1.518E-01 1.397E-01 1.280E-01 1.184E-01 1.114E-01 1.094E-01 1.069E-01 1.033E-01 1.011E-01 9.409E-02 8.935E-02 8.340E-02 7.244E-02 6.706E-02 5.769E-02 5.138E-02 4.984E-02 3.917E-02 3.619E-02 3.336E-02 3.165E-02 2.712E-02 2.393E-02 2.132E-02 1.707E-02 1.300E-02 1.102E-02 7.216E-03 5.689E-03
  1.400E+00  2.280E+00 2.549E+00 2.747E+00 2.851E+00 2.913E+00 2.920E+00 2.910E+00 2.843E+00 2.800E+00 2.726E+00 2.631E+00 2.535E+00 2.382E+00 2.218E+00 1.830E+00 1.496E+00 1.270E+00 1.066E+00 7.971E-01 5.962E-01 5.539E-01 5.150E-01 4.898E-01 4.441E-01 4.019E-01 3.375E-01 2.927E-01 2.601E-01 2.263E-01 1.972E-01 2.000E-01 1.752E-01 1.513E-01 1.392E-01 1.276E-01 1.180E-01 1.110E-01 1.091E-01 1.066E-01 1.030E-01 1.009E-01 9.389E-02 8.918E-02 8.325E-02 7.233E-02 6.696E-02 5.761E-02 5.132E-02 4.978E-02 3.913E-02 3.615E-02 3.333E-02 3.162E-02 2.710E-02 2.391E-02 2.131E-02 1.706E-02 1.300E-02 1.102E-02 7.213E-03 5.687E-03
  1.500E+00  1.890E+00 2.144E+00 2.335E+00 2.444E+00 2.524E+00 2.552E+00 2.565E+00 2.522E+00 2.502E+00 2.451E+00 2.375E+00 2.301E+00 2.181E+00 2.047E+00 1.715E+00 1.416E+00 1.213E+00 1.025E+00 7.738E-01 5.823E-01 5.424E-01 5.052E-01 4.810E-01 4.370E-01 3.961E-01 3.336E-01 2.899E-01 2.581E-01 2.248E-01 1.959E-01 1.988E-01 1.743E-01 1.507E-01 1.387E-01 1.271E-01 1.176E-01 1.107E-01 1.087E-01 1.063E-01 1.027E-01 1.007E-01 9.369E-02 8.900E-02 8.309E-02 7.221E-02 6.686E-02 5.753E-02 5.126E-02 4.972E-02 3.908E-02 3.612E-02 3.330E-02 3.159E-02 2.708E-02 2.389E-02 2.130E-02 1.705E-02 1.299E-02 1.101E-02 7.211E-03 5.686E-03
  1.600E+00  1.579E+00 1.817E+00 1.996E+00 2.107E+00 2.197E+00 2.238E+00 2.268E+00 2.244E+00 2.242E+00 2.208E+00 2.148E+00 2.092E+00 1.999E+00 1.891E+00 1.607E+00 1.341E+00 1.158E+00 9.852E-01 7.508E-01 5.684E-01 5.309E-01 4.954E-01 4.720E-01 4.297E-01 3.901E-01 3.296E-01 2.869E-01 2.560E-01 2.232E-01 1.945E-01 1.976E-01 1.735E-01 1.501E-01 1.381E-01 1.267E-01 1.172E-01 1.103E-01 1.084E-01 1.060E-01 1.025E-01 1.004E-01 9.347E-02 8.880E-02 8.293E-02 7.208E-02 6.675E-02 5.745E-02 5.119E-02 4.965E-02 3.904E-02 3.608E-02 3.327E-02 3.157E-02 2.706E-02 2.388E-02 2.128E-02 1.704E-02 1.299E-02 1.101E-02 7.208E-03 5.684E-03
  1.700E+00  1.328E+00 1.551E+00 1.715E+00 1.828E+00 1.920E+00 1.970E+00 2.012E+00 2.002E+00 2.014E+00 1.993E+00 1.947E+00 1.905E+00 1.834E+00 1.748E+00 1.506E+00 1.270E+00 1.106E+00 9.466E-01 7.282E-01 5.546E-01 5.193E-01 4.854E-01 4.630E-01 4.224E-01 3.841E-01 3.254E-01 2.839E-01 2.538E-01 2.216E-01 1.931E-01 1.964E-01 1.726E-01 1.494E-01 1.376E-01 1.262E-01 1.168E-01 1.099E-01 1.080E-01 1.057E-01 1.022E-01 1.001E-01 9.324E-02 8.860E-02 8.275E-02 7.194E-02 6.663E-02 5.735E-02 5.111E-02 4.958E-02 3.899E-02 3.604E-02 3.324E-02 3.153E-02 2.703E-02 2.386E-02 2.127E-02 1.703E-02 1.298E-02 1.100E-02 7.205E-03 5.682E-03
  1.800E+00  1.125E+00 1.333E+00 1.482E+00 1.595E+00 1.685E+00 1.741E+00 1.790E+00 1.791E+00 1.813E+00 1.803E+00 1.767E+00 1.737E+00 1.685E+00 1.617E+00 1.412E+00 1.203E+00 1.056E+00 9.093E-01 7.060E-01 5.408E-01 5.077E-01 4.755E-01 4.540E-01 4.150E-01 3.780E-01 3.211E-01 2.809E-01 2.515E-01 2.199E-01 1.916E-01 1.950E-01 1.717E-01 1.487E-01 1.370E-01 1.257E-01 1.163E-01 1.095E-01 1.076E-01 1.053E-01 1.019E-01 9.982E-02 9.299E-02 8.838E-02 8.257E-02 7.180E-02 6.650E-02 5.726E-02 5.103E-02 4.951E-02 3.894E-02 3.600E-02 3.320E-02 3.150E-02 2.701E-02 2.384E-02 2.125E-02 1.702E-02 1.297E-02 1.100E-02 7.202E-03 5.680E-03
  1.900E+00  9.592E-01 1.151E+00 1.287E+00 1.398E+00 1.484E+00 1.544E+00 1.597E+00 1.606E+00 1.635E+00 1.634E+00 1.607E+00 1.587E+00 1.550E+00 1.498E+00 1.325E+00 1.139E+00 1.008E+00 8.733E-01 6.844E-01 5.273E-01 4.963E-01 4.656E-01 4.450E-01 4.076E-01 3.718E-01 3.168E-01 2.777E-01 2.492E-01 2.181E-01 1.900E-01 1.937E-01 1.707E-01 1.480E-01 1.364E-01 1.251E-01 1.158E-01 1.090E-01 1.072E-01 1.050E-01 1.015E-01 9.951E-02 9.274E-02 8.816E-02 8.237E-02 7.165E-02 6.637E-02 5.716E-02 5.095E-02 4.943E-02 3.888E-02 3.595E-02 3.316E-02 3.147E-02 2.698E-02 2.382E-02 2.123E-02 1.701E-02 1.296E-02 1.099E-02 7.199E-03 5.678E-03
  2.000E+00  8.247E-01 9.992E-01 1.123E+00 1.231E+00 1.312E+00 1.374E+00 1.429E+00 1.444E+00 1.478E+00 1.484E+00 1.464E+00 1.452E+00 1.428E+00 1.389E+00 1.244E+00 1.079E+00 9.623E-01 8.387E-01 6.632E-01 5.139E-01 4.849E-01 4.557E-01 4.360E-01 4.001E-01 3.656E-01 3.125E-01 2.745E-01 2.468E-01 2.163E-01 1.884E-01 1.923E-01 1.697E-01 1.473E-01 1.357E-01 1.246E-01 1.153E-01 1.086E-01 1.068E-01 1.046E-01 1.012E-01 9.919E-02 9.247E-02 8.792E-02 8.217E-02 7.150E-02 6.623E-02 5.705E-02 5.087E-02 4.935E-02 3.883E-02 3.591E-02 3.312E-02 3.143E-02 2.695E-02 2.379E-02 2.122E-02 1.700E-02 1.296E-02 1.098E-02 7.195E-03 5.676E-03
  3.000E+00  2.547E-01 3.068E-01 3.581E-01 4.109E-01 4.559E-01 5.008E-01 5.382E-01 5.674E-01 5.994E-01 6.225E-01 6.346E-01 6.501E-01 6.739E-01 6.875E-01 6.836E-01 6.443E-01 6.124E-01 5.624E-01 4.826E-01 3.937E-01 3.814E-01 3.643E-01 3.520E-01 3.293E-01 3.055E-01 2.686E-01 2.411E-01 2.214E-01 1.966E-01 1.710E-01 1.768E-01 1.583E-01 1.388E-01 1.282E-01 1.180E-01 1.093E-01 1.032E-01 1.018E-01 1.001E-01 9.706E-02 9.533E-02 8.925E-02 8.505E-02 7.968E-02 6.957E-02 6.454E-02 5.574E-02 4.979E-02 4.833E-02 3.812E-02 3.532E-02 3.262E-02 3.098E-02 2.661E-02 2.352E-02 2.099E-02 1.684E-02 1.285E-02 1.090E-02 7.152E-03 5.648E-03
  4.000E+00  1.152E-01 1.335E-01 1.588E-01 1.843E-01 2.046E-01 2.287E-01 2.508E-01 2.683E-01 2.890E-01 3.059E-01 3.185E-01 3.327E-01 3.564E-01 3.748E-01 4.005E-01 4.033E-01 4.021E-01 3.859E-01 3.537E-01 3.010E-01 2.991E-01 2.896E-01 2.827E-01 2.692E-01 2.533E-01 2.285E-01 2.093E-01 1.961E-01 1.764E-01 1.529E-01 1.604E-01 1.458E-01 1.291E-01 1.196E-01 1.103E-01 1.023E-01 9.694E-02 9.586E-02 9.463E-02 9.210E-02 9.063E-02 8.527E-02 8.147E-02 7.656E-02 6.712E-02 6.237E-02 5.403E-02 4.838E-02 4.700E-02 3.719E-02 3.454E-02 3.196E-02 3.037E-02 2.614E-02 2.314E-02 2.068E-02 1.663E-02 1.271E-02 1.080E-02 7.092E-03 5.609E-03
  5.000E+00  6.431E-02 7.811E-02 8.835E-02 1.002E-01 1.128E-01 1.243E-01 1.362E-01 1.479E-01 1.595E-01 1.705E-01 1.804E-01 1.906E-01 2.084E-01 2.229E-01 2.503E-01 2.651E-01 2.738E-01 2.728E-01 2.635E-01 2.318E-01 2.361E-01 2.314E-01 2.280E-01 2.206E-01 2.102E-01 1.940E-01 1.811E-01 1.730E-01 1.574E-01 1.359E-01 1.447E-01 1.333E-01 1.192E-01 1.107E-01 1.024E-01 9.499E-02 9.031E-02 8.958E-02 8.882E-02 8.673E-02 8.554E-02 8.088E-02 7.749E-02 7.305E-02 6.430E-02 5.985E-02 5.203E-02 4.672E-02 4.542E-02 3.608E-02 3.361E-02 3.116E-02 2.964E-02 2.558E-02 2.268E-02 2.030E-02 1.636E-02 1.253E-02 1.066E-02 7.016E-03 5.560E-03
  6.000E+00  4.474E-02 5.155E-02 5.657E-02 6.344E-02 7.105E-02 7.773E-02 8.455E-02 9.238E-02 9.935E-02 1.062E-01 1.129E-01 1.205E-01 1.320E-01 1.435E-01 1.661E-01 1.823E-01 1.933E-01 1.987E-01 2.001E-01 1.806E-01 1.884E-01 1.866E-01 1.854E-01 1.820E-01 1.754E-01 1.653E-01 1.568E-01 1.525E-01 1.402E-01 1.206E-01 1.302E-01 1.216E-01 1.097E-01 1.021E-01 9.464E-02 8.784E-02 8.377E-02 8.334E-02 8.300E-02 8.131E-02 8.035E-02 7.635E-02 7.334E-02 6.935E-02 6.128E-02 5.714E-02 4.984E-02 4.489E-02 4.368E-02 3.483E-02 3.256E-02 3.025E-02 2.880E-02 2.492E-02 2.215E-02 1.985E-02 1.605E-02 1.232E-02 1.050E-02 6.926E-03 5.501E-03
  8.000E+00  2.845E-02 3.056E-02 3.421E-02 3.710E-02 3.906E-02 4.225E-02 4.536E-02 4.788E-02 5.167E-02 5.460E-02 5.672E-02 5.977E-02 6.650E-02 7.302E-02 8.604E-02 9.748E-02 1.070E-01 1.143E-01 1.226E-01 1.139E-01 1.245E-01 1.258E-01 1.265E-01 1.272E-01 1.251E-01 1.218E-01 1.191E-01 1.193E-01 1.115E-01 9.491E-02 1.056E-01 1.008E-01 9.230E-02 8.625E-02 8.034E-02 7.467E-02 7.162E-02 7.166E-02 7.198E-02 7.095E-02 7.038E-02 6.747E-02 6.512E-02 6.193E-02 5.506E-02 5.149E-02 4.522E-02 4.096E-02 3.994E-02 3.212E-02 3.025E-02 2.823E-02 2.694E-02 2.345E-02 2.094E-02 1.883E-02 1.532E-02 1.182E-02 1.011E-02 6.707E-03 5.357E-03
  1.000E+01  2.346E-02 2.411E-02 2.487E-02 2.620E-02 2.768E-02 2.873E-02 3.038E-02 3.190E-02 3.357E-02 3.499E-02 3.651E-02 3.885E-02 4.154E-02 4.496E-02 5.225E-02 6.027E-02 6.699E-02 7.286E-02 8.124E-02 7.568E-02 8.654E-02 8.888E-02 9.024E-02 9.242E-02 9.234E-02 9.207E-02 9.233E-02 9.475E-02 8.956E-02 7.538E-02 8.627E-02 8.381E-02 7.756E-02 7.271E-02 6.805E-02 6.335E-02 6.110E-02 6.144E-02 6.221E-02 6.167E-02 6.136E-02 5.928E-02 5.743E-02 5.491E-02 4.902E-02 4.596E-02 4.060E-02 3.699E-02 3.615E-02 2.932E-02 2.784E-02 2.610E-02 2.496E-02 2.185E-02 1.960E-02 1.769E-02 1.449E-02 1.125E-02 9.650E-03 6.447E-03 5.183E-03
  1.200E+01  1.920E-02 2.014E-02 2.098E-02 2.223E-02 2.278E-02 2.352E-02 2.410E-02 2.533E-02 2.561E-02 2.640E-02 2.781E-02 2.913E-02 3.033E-02 3.249E-02 3.675E-02 4.155E-02 4.655E-02 5.066E-02 5.762E-02 5.285E-02 6.299E-02 6.579E-02 6.706E-02 6.964E-02 7.050E-02 7.145E-02 7.321E-02 7.643E-02 7.271E-02 6.060E-02 7.120E-02 7.004E-02 6.528E-02 6.138E-02 5.773E-02 5.387E-02 5.222E-02 5.275E-02 5.380E-02 5.358E-02 5.345E-02 5.195E-02 5.049E-02 4.849E-02 4.339E-02 4.075E-02 3.620E-02 3.317E-02 3.250E-02 2.660E-02 2.548E-02 2.399E-02 2.299E-02 2.024E-02 1.823E-02 1.651E-02 1.361E-02 1.063E-02 9.153E-03 6.157E-03 4.987E-03
  1.400E+01  1.800E-02 1.789E-02 1.791E-02 1.873E-02 1.945E-02 1.951E-02 2.046E-02 2.119E-02 2.195E-02 2.241E-02 2.257E-02 2.332E-02 2.402E-02 2.628E-02 2.877E-02 3.107E-02 3.518E-02 3.766E-02 4.321E-02 3.861E-02 4.781E-02 5.073E-02 5.172E-02 5.425E-02 5.542E-02 5.687E-02 5.923E-02 6.252E-02 5.968E-02 4.938E-02 5.933E-02 5.886E-02 5.511E-02 5.194E-02 4.913E-02 4.601E-02 4.481E-02 4.543E-02 4.664E-02 4.663E-02 4.661E-02 4.551E-02 4.432E-02 4.274E-02 3.826E-02 3.598E-02 3.211E-02 2.960E-02 2.907E-02 2.403E-02 2.323E-02 2.197E-02 2.109E-02 1.865E-02 1.687E-02 1.534E-02 1.272E-02 9.984E-03 8.635E-03 5.849E-03 4.774E-03
  1.600E+01  1.559E-02 1.654E-02 1.687E-02 1.741E-02 1.792E-02 1.772E-02 1.806E-02 1.868E-02 1.894E-02 1.925E-02 1.962E-02 1.976E-02 2.037E-02 2.182E-02 2.342E-02 2.500E-02 2.811E-02 2.977E-02 3.378E-02 2.939E-02 3.771E-02 4.040E-02 4.127E-02 4.358E-02 4.462E-02 4.635E-02 4.872E-02 5.176E-02 4.946E-02 4.077E-02 4.986E-02 4.973E-02 4.667E-02 4.410E-02 4.197E-02 3.949E-02 3.864E-02 3.929E-02 4.056E-02 4.068E-02 4.072E-02 3.988E-02 3.889E-02 3.763E-02 3.364E-02 3.167E-02 2.838E-02 2.631E-02 2.591E-02 2.163E-02 2.113E-02 2.006E-02 1.929E-02 1.714E-02 1.557E-02 1.419E-02 1.184E-02 9.342E-03 8.111E-03 5.531E-03 4.551E-03
  1.800E+01  1.531E-02 1.475E-02 1.474E-02 1.525E-02 1.574E-02 1.590E-02 1.635E-02 1.636E-02 1.719E-02 1.739E-02 1.703E-02 1.766E-02 1.790E-02 1.855E-02 1.959E-02 2.109E-02 2.306E-02 2.470E-02 2.724E-02 2.319E-02 3.070E-02 3.303E-02 3.386E-02 3.590E-02 3.672E-02 3.849E-02 4.065E-02 4.330E-02 4.134E-02 3.408E-02 4.223E-02 4.221E-02 3.965E-02 3.757E-02 3.599E-02 3.407E-02 3.349E-02 3.413E-02 3.540E-02 3.559E-02 3.566E-02 3.498E-02 3.413E-02 3.313E-02 2.953E-02 2.781E-02 2.503E-02 2.333E-02 2.304E-02 1.944E-02 1.918E-02 1.829E-02 1.761E-02 1.572E-02 1.432E-02 1.310E-02 1.099E-02 8.714E-03 7.593E-03 5.212E-03 4.324E-03
  2.000E+01  1.288E-02 1.421E-02 1.393E-02 1.450E-02 1.446E-02 1.471E-02 1.513E-02 1.514E-02 1.541E-02 1.556E-02 1.556E-02 1.575E-02 1.596E-02 1.623E-02 1.695E-02 1.816E-02 1.967E-02 2.097E-02 2.263E-02 1.887E-02 2.561E-02 2.763E-02 2.837E-02 3.012E-02 3.080E-02 3.247E-02 3.434E-02 3.656E-02 3.482E-02 2.881E-02 3.603E-02 3.601E-02 3.379E-02 3.210E-02 3.098E-02 2.954E-02 2.917E-02 2.977E-02 3.100E-02 3.123E-02 3.130E-02 3.071E-02 2.997E-02 2.917E-02 2.590E-02 2.439E-02 2.203E-02 2.065E-02 2.045E-02 1.744E-02 1.740E-02 1.665E-02 1.605E-02 1.438E-02 1.316E-02 1.206E-02 1.018E-02 8.107E-03 7.089E-03 4.897E-03 4.096E-03
  2.200E+01  1.295E-02 1.236E-02 1.295E-02 1.339E-02 1.287E-02 1.367E-02 1.311E-02 1.354E-02 1.380E-02 1.391E-02 1.382E-02 1.430E-02 1.434E-02 1.444E-02 1.504E-02 1.592E-02 1.725E-02 1.809E-02 1.933E-02 1.575E-02 2.179E-02 2.350E-02 2.418E-02 2.566E-02 2.626E-02 2.774E-02 2.933E-02 3.112E-02 2.952E-02 2.461E-02 3.095E-02 3.085E-02 2.888E-02 2.751E-02 2.676E-02 2.574E-02 2.554E-02 2.608E-02 2.725E-02 2.748E-02 2.753E-02 2.700E-02 2.634E-02 2.570E-02 2.269E-02 2.137E-02 1.936E-02 1.825E-02 1.813E-02 1.563E-02 1.577E-02 1.516E-02 1.462E-02 1.315E-02 1.206E-02 1.109E-02 9.407E-03 7.527E-03 6.604E-03 4.591E-03 3.871E-03
  2.400E+01  1.182E-02 1.212E-02 1.167E-02 1.205E-02 1.248E-02 1.231E-02 1.224E-02 1.256E-02 1.242E-02 1.252E-02 1.271E-02 1.280E-02 1.332E-02 1.323E-02 1.352E-02 1.422E-02 1.513E-02 1.597E-02 1.676E-02 1.344E-02 1.882E-02 2.024E-02 2.091E-02 2.216E-02 2.269E-02 2.396E-02 2.525E-02 2.665E-02 2.518E-02 2.122E-02 2.673E-02 2.652E-02 2.474E-02 2.364E-02 2.320E-02 2.254E-02 2.246E-02 2.294E-02 2.402E-02 2.424E-02 2.427E-02 2.378E-02 2.317E-02 2.264E-02 1.988E-02 1.872E-02 1.701E-02 1.611E-02 1.606E-02 1.401E-02 1.429E-02 1.379E-02 1.332E-02 1.201E-02 1.105E-02 1.018E-02 8.680E-03 6.976E-03 6.142E-03 4.295E-03 3.652E-03
  2.600E+01  1.067E-02 1.127E-02 1.125E-02 1.122E-02 1.114E-02 1.124E-02 1.122E-02 1.156E-02 1.153E-02 1.158E-02 1.175E-02 1.190E-02 1.200E-02 1.207E-02 1.218E-02 1.281E-02 1.339E-02 1.421E-02 1.466E-02 1.168E-02 1.646E-02 1.766E-02 1.827E-02 1.933E-02 1.977E-02 2.088E-02 2.191E-02 2.293E-02 2.157E-02 1.844E-02 2.319E-02 2.288E-02 2.126E-02 2.037E-02 2.017E-02 1.981E-02 1.984E-02 2.025E-02 2.124E-02 2.143E-02 2.145E-02 2.096E-02 2.040E-02 1.997E-02 1.741E-02 1.639E-02 1.493E-02 1.422E-02 1.422E-02 1.255E-02 1.296E-02 1.255E-02 1.212E-02 1.097E-02 1.012E-02 9.344E-03 8.000E-03 6.457E-03 5.703E-03 4.012E-03 3.440E-03
  2.800E+01  1.026E-02 9.739E-03 9.799E-03 9.940E-03 1.028E-02 1.017E-02 1.031E-02 1.038E-02 1.044E-02 1.050E-02 1.049E-02 1.080E-02 1.104E-02 1.080E-02 1.091E-02 1.167E-02 1.190E-02 1.271E-02 1.288E-02 1.029E-02 1.454E-02 1.556E-02 1.612E-02 1.701E-02 1.733E-02 1.836E-02 1.913E-02 1.983E-02 1.856E-02 1.614E-02 2.019E-02 1.979E-02 1.831E-02 1.760E-02 1.759E-02 1.748E-02 1.759E-02 1.794E-02 1.883E-02 1.900E-02 1.899E-02 1.850E-02 1.798E-02 1.763E-02 1.526E-02 1.436E-02 1.311E-02 1.255E-02 1.259E-02 1.124E-02 1.175E-02 1.142E-02 1.104E-02 1.001E-02 9.259E-03 8.568E-03 7.367E-03 5.970E-03 5.289E-03 3.743E-03 3.236E-03
  3.000E+01  9.022E-03 9.458E-03 9.378E-03 9.373E-03 9.595E-03 9.377E-03 9.660E-03 9.737E-03 9.548E-03 9.572E-03 9.789E-03 9.922E-03 1.017E-02 9.769E-03 9.824E-03 1.053E-02 1.065E-02 1.148E-02 1.136E-02 9.176E-03 1.293E-02 1.381E-02 1.432E-02 1.505E-02 1.529E-02 1.621E-02 1.680E-02 1.721E-02 1.603E-02 1.422E-02 1.765E-02 1.716E-02 1.581E-02 1.524E-02 1.538E-02 1.548E-02 1.566E-02 1.594E-02 1.674E-02 1.688E-02 1.684E-02 1.636E-02 1.586E-02 1.557E-02 1.338E-02 1.258E-02 1.152E-02 1.108E-02 1.114E-02 1.007E-02 1.066E-02 1.039E-02 1.005E-02 9.136E-03 8.471E-03 7.854E-03 6.780E-03 5.515E-03 4.900E-03 3.488E-03 3.042E-03
  3.200E+01  8.218E-03 8.544E-03 8.995E-03 8.653E-03 8.360E-03 8.690E-03 8.616E-03 8.758E-03 8.829E-03 8.838E-03 8.890E-03 9.072E-03 9.173E-03 9.026E-03 9.016E-03 9.523E-03 9.670E-03 1.025E-02 1.013E-02 8.253E-03 1.155E-02 1.232E-02 1.273E-02 1.334E-02 1.359E-02 1.436E-02 1.483E-02 1.501E-02 1.389E-02 1.260E-02 1.548E-02 1.493E-02 1.368E-02 1.323E-02 1.348E-02 1.375E-02 1.398E-02 1.420E-02 1.492E-02 1.503E-02 1.497E-02 1.448E-02 1.402E-02 1.377E-02 1.174E-02 1.103E-02 1.012E-02 9.779E-03 9.869E-03 9.027E-03 9.676E-03 9.465E-03 9.160E-03 8.340E-03 7.749E-03 7.198E-03 6.236E-03 5.091E-03 4.536E-03 3.247E-03 2.856E-03
  3.400E+01  7.931E-03 7.519E-03 7.715E-03 7.678E-03 7.853E-03 7.747E-03 7.877E-03 7.948E-03 7.977E-03 8.026E-03 8.106E-03 8.235E-03 8.250E-03 8.157E-03 8.260E-03 8.637E-03 8.832E-03 9.188E-03 9.106E-03 7.471E-03 1.036E-02 1.102E-02 1.135E-02 1.186E-02 1.215E-02 1.277E-02 1.313E-02 1.314E-02 1.208E-02 1.122E-02 1.363E-02 1.303E-02 1.187E-02 1.152E-02 1.184E-02 1.225E-02 1.252E-02 1.269E-02 1.333E-02 1.341E-02 1.333E-02 1.284E-02 1.240E-02 1.220E-02 1.031E-02 9.683E-03 8.901E-03 8.640E-03 8.746E-03 8.096E-03 8.789E-03 8.625E-03 8.350E-03 7.616E-03 7.090E-03 6.596E-03 5.735E-03 4.698E-03 4.197E-03 3.021E-03 2.681E-03
  3.600E+01  7.330E-03 7.136E-03 6.937E-03 7.166E-03 7.363E-03 7.232E-03 7.343E-03 7.487E-03 7.357E-03 7.379E-03 7.553E-03 7.584E-03 7.483E-03 7.564E-03 7.587E-03 7.782E-03 7.992E-03 8.290E-03 8.190E-03 6.798E-03 9.339E-03 9.863E-03 1.018E-02 1.060E-02 1.089E-02 1.140E-02 1.164E-02 1.152E-02 1.054E-02 1.003E-02 1.203E-02 1.139E-02 1.033E-02 1.005E-02 1.043E-02 1.095E-02 1.125E-02 1.137E-02 1.193E-02 1.198E-02 1.189E-02 1.140E-02 1.098E-02 1.081E-02 9.071E-03 8.509E-03 7.836E-03 7.640E-03 7.756E-03 7.266E-03 7.990E-03 7.866E-03 7.616E-03 6.957E-03 6.488E-03 6.045E-03 5.273E-03 4.335E-03 3.882E-03 2.810E-03 2.515E-03
  3.800E+01  6.197E-03 6.733E-03 6.601E-03 6.666E-03 6.530E-03 6.689E-03 6.652E-03 6.761E-03 6.679E-03 6.682E-03 6.805E-03 6.943E-03 6.863E-03 6.778E-03 6.818E-03 7.128E-03 7.174E-03 7.495E-03 7.348E-03 6.213E-03 8.444E-03 8.853E-03 9.172E-03 9.516E-03 9.761E-03 1.022E-02 1.035E-02 1.012E-02 9.226E-03 9.004E-03 1.064E-02 9.985E-03 9.005E-03 8.790E-03 9.213E-03 9.809E-03 1.013E-02 1.021E-02 1.070E-02 1.073E-02 1.063E-02 1.014E-02 9.745E-03 9.598E-03 7.988E-03 7.488E-03 6.907E-03 6.763E-03 6.885E-03 6.526E-03 7.269E-03 7.179E-03 6.952E-03 6.358E-03 5.939E-03 5.541E-03 4.849E-03 3.998E-03 3.590E-03 2.612E-03 2.358E-03
  4.000E+01  5.796E-03 5.930E-03 6.196E-03 5.952E-03 5.901E-03 6.052E-03 5.944E-03 6.050E-03 6.121E-03 6.139E-03 6.179E-03 6.099E-03 6.158E-03 6.220E-03 6.266E-03 6.405E-03 6.491E-03 6.778E-03 6.579E-03 5.702E-03 7.634E-03 7.991E-03 8.273E-03 8.551E-03 8.771E-03 9.185E-03 9.232E-03 8.922E-03 8.093E-03 8.110E-03 9.430E-03 8.772E-03 7.873E-03 7.707E-03 8.154E-03 8.810E-03 9.148E-03 9.190E-03 9.618E-03 9.625E-03 9.512E-03 9.035E-03 8.659E-03 8.534E-03 7.046E-03 6.598E-03 6.097E-03 5.993E-03 6.119E-03 5.866E-03 6.620E-03 6.557E-03 6.350E-03 5.814E-03 5.439E-03 5.081E-03 4.459E-03 3.688E-03 3.319E-03 2.427E-03 2.212E-03
  4.200E+01  5.401E-03 5.241E-03 5.584E-03 5.185E-03 5.402E-03 5.353E-03 5.350E-03 5.621E-03 5.387E-03 5.425E-03 5.699E-03 5.622E-03 5.646E-03 5.654E-03 5.628E-03 5.820E-03 5.859E-03 6.141E-03 5.908E-03 5.241E-03 6.922E-03 7.228E-03 7.471E-03 7.699E-03 7.899E-03 8.270E-03 8.260E-03 7.888E-03 7.119E-03 7.328E-03 8.377E-03 7.725E-03 6.900E-03 6.774E-03 7.233E-03 7.931E-03 8.280E-03 8.289E-03 8.661E-03 8.651E-03 8.529E-03 8.061E-03 7.706E-03 7.598E-03 6.224E-03 5.824E-03 5.389E-03 5.318E-03 5.444E-03 5.278E-03 6.034E-03 5.995E-03 5.805E-03 5.320E-03 4.983E-03 4.661E-03 4.101E-03 3.402E-03 3.068E-03 2.256E-03 2.074E-03
  4.400E+01  5.178E-03 4.892E-03 4.812E-03 4.859E-03 5.158E-03 4.904E-03 4.993E-03 5.137E-03 5.034E-03 5.061E-03 5.257E-03 5.092E-03 5.061E-03 5.083E-03 5.138E-03 5.285E-03 5.356E-03 5.540E-03 5.337E-03 4.828E-03 6.286E-03 6.551E-03 6.745E-03 6.936E-03 7.125E-03 7.449E-03 7.411E-03 6.992E-03 6.281E-03 6.639E-03 7.463E-03 6.822E-03 6.062E-03 5.969E-03 6.431E-03 7.156E-03 7.510E-03 7.492E-03 7.814E-03 7.789E-03 7.661E-03 7.205E-03 6.870E-03 6.776E-03 5.508E-03 5.149E-03 4.771E-03 4.725E-03 4.850E-03 4.755E-03 5.506E-03 5.486E-03 5.312E-03 4.871E-03 4.569E-03 4.278E-03 3.774E-03 3.139E-03 2.837E-03 2.096E-03 1.945E-03
  4.600E+01  4.638E-03 4.488E-03 4.372E-03 4.400E-03 4.655E-03 4.485E-03 4.515E-03 4.642E-03 4.546E-03 4.573E-03 4.751E-03 4.674E-03 4.518E-03 4.657E-03 4.714E-03 4.803E-03 4.900E-03 4.999E-03 4.838E-03 4.465E-03 5.715E-03 5.938E-03 6.104E-03 6.262E-03 6.438E-03 6.725E-03 6.662E-03 6.212E-03 5.556E-03 6.030E-03 6.667E-03 6.039E-03 5.340E-03 5.273E-03 5.730E-03 6.470E-03 6.827E-03 6.785E-03 7.063E-03 7.025E-03 6.894E-03 6.451E-03 6.135E-03 6.053E-03 4.882E-03 4.561E-03 4.231E-03 4.205E-03 4.327E-03 4.288E-03 5.030E-03 5.026E-03 4.865E-03 4.464E-03 4.192E-03 3.929E-03 3.474E-03 2.898E-03 2.624E-03 1.949E-03 1.825E-03
  4.800E+01  4.102E-03 4.161E-03 4.060E-03 4.144E-03 4.243E-03 4.194E-03 4.262E-03 4.126E-03 4.252E-03 4.270E-03 4.208E-03 4.108E-03 4.143E-03 4.243E-03 4.319E-03 4.314E-03 4.419E-03 4.552E-03 4.365E-03 4.140E-03 5.183E-03 5.397E-03 5.549E-03 5.669E-03 5.826E-03 6.093E-03 6.002E-03 5.532E-03 4.927E-03 5.489E-03 5.968E-03 5.360E-03 4.717E-03 4.669E-03 5.118E-03 5.863E-03 6.218E-03 6.157E-03 6.395E-03 6.348E-03 6.214E-03 5.786E-03 5.489E-03 5.417E-03 4.337E-03 4.047E-03 3.759E-03 3.748E-03 3.866E-03 3.872E-03 4.600E-03 4.609E-03 4.460E-03 4.094E-03 3.849E-03 3.611E-03 3.199E-03 2.675E-03 2.427E-03 1.812E-03 1.714E-03
  5.000E+01  3.540E-03 3.756E-03 3.712E-03 3.690E-03 3.836E-03 3.722E-03 3.757E-03 3.711E-03 3.781E-03 3.797E-03 3.842E-03 3.765E-03 3.783E-03 3.852E-03 3.917E-03 3.900E-03 4.013E-03 4.125E-03 3.944E-03 3.840E-03 4.709E-03 4.915E-03 5.040E-03 5.130E-03 5.290E-03 5.527E-03 5.421E-03 4.940E-03 4.380E-03 5.008E-03 5.353E-03 4.769E-03 4.178E-03 4.145E-03 4.581E-03 5.323E-03 5.675E-03 5.598E-03 5.801E-03 5.746E-03 5.612E-03 5.200E-03 4.920E-03 4.856E-03 3.859E-03 3.599E-03 3.345E-03 3.346E-03 3.459E-03 3.500E-03 4.211E-03 4.231E-03 4.094E-03 3.759E-03 3.537E-03 3.321E-03 2.948E-03 2.472E-03 2.247E-03 1.685E-03 1.610E-03
  5.200E+01  3.101E-03 3.463E-03 3.294E-03 3.414E-03 3.294E-03 3.477E-03 3.436E-03 3.246E-03 3.450E-03 3.470E-03 3.345E-03 3.314E-03 3.404E-03 3.450E-03 3.538E-03 3.494E-03 3.663E-03 3.722E-03 3.572E-03 3.557E-03 4.286E-03 4.496E-03 4.566E-03 4.637E-03 4.811E-03 5.009E-03 4.907E-03 4.426E-03 3.904E-03 4.578E-03 4.812E-03 4.253E-03 3.710E-03 3.690E-03 4.110E-03 4.842E-03 5.189E-03 5.098E-03 5.271E-03 5.211E-03 5.077E-03 4.681E-03 4.418E-03 4.362E-03 3.442E-03 3.206E-03 2.983E-03 2.993E-03 3.101E-03 3.169E-03 3.861E-03 3.889E-03 3.761E-03 3.455E-03 3.253E-03 3.057E-03 2.719E-03 2.285E-03 2.080E-03 1.568E-03 1.513E-03
  5.400E+01  2.865E-03 3.098E-03 3.049E-03 3.037E-03 2.994E-03 3.124E-03 3.020E-03 3.004E-03 3.060E-03 3.084E-03 3.062E-03 3.066E-03 3.070E-03 3.115E-03 3.199E-03 3.185E-03 3.360E-03 3.352E-03 3.244E-03 3.295E-03 3.924E-03 4.095E-03 4.150E-03 4.208E-03 4.379E-03 4.551E-03 4.442E-03 3.970E-03 3.490E-03 4.194E-03 4.335E-03 3.803E-03 3.303E-03 3.292E-03 3.695E-03 4.413E-03 4.753E-03 4.653E-03 4.799E-03 4.734E-03 4.602E-03 4.223E-03 3.976E-03 3.926E-03 3.076E-03 2.863E-03 2.666E-03 2.681E-03 2.784E-03 2.873E-03 3.543E-03 3.579E-03 3.460E-03 3.178E-03 2.995E-03 2.816E-03 2.509E-03 2.113E-03 1.927E-03 1.460E-03 1.424E-03
  5.600E+01  2.568E-03 2.763E-03 2.679E-03 2.697E-03 2.634E-03 2.763E-03 2.801E-03 2.694E-03 2.785E-03 2.812E-03 2.728E-03 2.730E-03 2.827E-03 2.793E-03 2.899E-03 2.908E-03 3.029E-03 3.082E-03 2.940E-03 3.056E-03 3.605E-03 3.714E-03 3.803E-03 3.847E-03 3.983E-03 4.154E-03 4.018E-03 3.562E-03 3.127E-03 3.849E-03 3.911E-03 3.407E-03 2.948E-03 2.945E-03 3.330E-03 4.030E-03 4.362E-03 4.254E-03 4.377E-03 4.308E-03 4.179E-03 3.817E-03 3.585E-03 3.540E-03 2.755E-03 2.562E-03 2.387E-03 2.407E-03 2.505E-03 2.608E-03 3.257E-03 3.298E-03 3.187E-03 2.927E-03 2.760E-03 2.597E-03 2.317E-03 1.956E-03 1.787E-03 1.360E-03 1.340E-03
  5.800E+01  2.314E-03 2.469E-03 2.517E-03 2.392E-03 2.351E-03 2.484E-03 2.436E-03 2.423E-03 2.456E-03 2.485E-03 2.466E-03 2.515E-03 2.579E-03 2.519E-03 2.628E-03 2.664E-03 2.720E-03 2.830E-03 2.662E-03 2.839E-03 3.308E-03 3.381E-03 3.491E-03 3.524E-03 3.629E-03 3.799E-03 3.646E-03 3.204E-03 2.809E-03 3.539E-03 3.538E-03 3.061E-03 2.638E-03 2.641E-03 3.007E-03 3.687E-03 4.011E-03 3.896E-03 4.000E-03 3.928E-03 3.802E-03 3.456E-03 3.239E-03 3.199E-03 2.473E-03 2.298E-03 2.142E-03 2.165E-03 2.257E-03 2.371E-03 2.997E-03 3.042E-03 2.939E-03 2.699E-03 2.547E-03 2.397E-03 2.142E-03 1.812E-03 1.658E-03 1.268E-03 1.264E-03
  6.000E+01  2.045E-03 2.230E-03 2.105E-03 2.224E-03 2.119E-03 2.278E-03 2.289E-03 2.169E-03 2.269E-03 2.294E-03 2.226E-03 2.241E-03 2.332E-03 2.280E-03 2.384E-03 2.397E-03 2.489E-03 2.573E-03 2.420E-03 2.640E-03 3.017E-03 3.114E-03 3.190E-03 3.212E-03 3.314E-03 3.473E-03 3.329E-03 2.898E-03 2.529E-03 3.259E-03 3.209E-03 2.758E-03 2.368E-03 2.375E-03 2.722E-03 3.380E-03 3.694E-03 3.575E-03 3.662E-03 3.588E-03 3.466E-03 3.137E-03 2.933E-03 2.896E-03 2.225E-03 2.065E-03 1.926E-03 1.952E-03 2.038E-03 2.160E-03 2.762E-03 2.810E-03 2.713E-03 2.492E-03 2.352E-03 2.215E-03 1.982E-03 1.680E-03 1.539E-03 1.184E-03 1.193E-03
  6.200E+01  1.832E-03 2.012E-03 1.971E-03 1.961E-03 1.876E-03 2.023E-03 1.962E-03 1.941E-03 1.981E-03 2.011E-03 2.024E-03 2.028E-03 2.106E-03 2.050E-03 2.163E-03 2.162E-03 2.300E-03 2.326E-03 2.211E-03 2.459E-03 2.758E-03 2.878E-03 2.908E-03 2.924E-03 3.035E-03 3.173E-03 3.052E-03 2.631E-03 2.284E-03 3.007E-03 2.918E-03 2.493E-03 2.132E-03 2.142E-03 2.470E-03 3.104E-03 3.408E-03 3.286E-03 3.358E-03 3.284E-03 3.166E-03 2.853E-03 2.661E-03 2.628E-03 2.006E-03 1.861E-03 1.736E-03 1.763E-03 1.844E-03 1.970E-03 2.549E-03 2.600E-03 2.509E-03 2.303E-03 2.175E-03 2.050E-03 1.836E-03 1.560E-03 1.431E-03 1.106E-03 1.127E-03
  6.400E+01  1.637E-03 1.805E-03 1.668E-03 1.820E-03 1.779E-03 1.881E-03 1.899E-03 1.745E-03 1.887E-03 1.911E-03 1.829E-03 1.775E-03 1.860E-03 1.888E-03 1.992E-03 1.949E-03 2.123E-03 2.112E-03 2.020E-03 2.293E-03 2.530E-03 2.649E-03 2.660E-03 2.671E-03 2.787E-03 2.905E-03 2.796E-03 2.391E-03 2.067E-03 2.778E-03 2.660E-03 2.258E-03 1.924E-03 1.936E-03 2.246E-03 2.856E-03 3.150E-03 3.026E-03 3.085E-03 3.011E-03 2.897E-03 2.600E-03 2.420E-03 2.389E-03 1.813E-03 1.680E-03 1.568E-03 1.595E-03 1.672E-03 1.800E-03 2.356E-03 2.409E-03 2.323E-03 2.132E-03 2.014E-03 1.899E-03 1.703E-03 1.449E-03 1.331E-03 1.034E-03 1.067E-03
  6.600E+01  1.523E-03 1.565E-03 1.545E-03 1.566E-03 1.515E-03 1.606E-03 1.612E-03 1.582E-03 1.609E-03 1.635E-03 1.659E-03 1.675E-03 1.739E-03 1.657E-03 1.764E-03 1.803E-03 1.910E-03 1.937E-03 1.842E-03 2.139E-03 2.334E-03 2.423E-03 2.448E-03 2.454E-03 2.562E-03 2.672E-03 2.557E-03 2.173E-03 1.877E-03 2.571E-03 2.429E-03 2.050E-03 1.741E-03 1.754E-03 2.047E-03 2.633E-03 2.916E-03 2.792E-03 2.840E-03 2.767E-03 2.656E-03 2.374E-03 2.206E-03 2.178E-03 1.643E-03 1.521E-03 1.420E-03 1.447E-03 1.519E-03 1.648E-03 2.181E-03 2.235E-03 2.154E-03 1.976E-03 1.867E-03 1.761E-03 1.581E-03 1.348E-03 1.240E-03 9.686E-04 1.011E-03
  6.800E+01  1.405E-03 1.386E-03 1.372E-03 1.443E-03 1.452E-03 1.489E-03 1.560E-03 1.434E-03 1.560E-03 1.581E-03 1.536E-03 1.478E-03 1.509E-03 1.570E-03 1.664E-03 1.630E-03 1.745E-03 1.777E-03 1.682E-03 1.997E-03 2.153E-03 2.224E-03 2.261E-03 2.262E-03 2.356E-03 2.465E-03 2.342E-03 1.980E-03 1.708E-03 2.384E-03 2.222E-03 1.866E-03 1.580E-03 1.594E-03 1.871E-03 2.432E-03 2.705E-03 2.580E-03 2.619E-03 2.547E-03 2.441E-03 2.173E-03 2.015E-03 1.989E-03 1.493E-03 1.381E-03 1.289E-03 1.316E-03 1.383E-03 1.511E-03 2.022E-03 2.076E-03 2.000E-03 1.834E-03 1.734E-03 1.635E-03 1.470E-03 1.256E-03 1.156E-03 9.082E-04 9.598E-04
  7.000E+01  1.173E-03 1.233E-03 1.217E-03 1.255E-03 1.273E-03 1.296E-03 1.345E-03 1.269E-03 1.346E-03 1.370E-03 1.346E-03 1.310E-03 1.447E-03 1.387E-03 1.489E-03 1.498E-03 1.594E-03 1.640E-03 1.541E-03 1.865E-03 1.993E-03 2.050E-03 2.092E-03 2.091E-03 2.170E-03 2.278E-03 2.152E-03 1.810E-03 1.558E-03 2.214E-03 2.037E-03 1.703E-03 1.438E-03 1.453E-03 1.713E-03 2.251E-03 2.514E-03 2.390E-03 2.420E-03 2.350E-03 2.247E-03 1.993E-03 1.845E-03 1.821E-03 1.359E-03 1.256E-03 1.172E-03 1.199E-03 1.262E-03 1.388E-03 1.878E-03 1.932E-03 1.860E-03 1.705E-03 1.612E-03 1.521E-03 1.368E-03 1.171E-03 1.079E-03 8.527E-04 9.128E-04
  7.200E+01  1.035E-03 9.951E-04 1.143E-03 1.116E-03 1.132E-03 1.126E-03 1.219E-03 1.185E-03 1.249E-03 1.273E-03 1.251E-03 1.230E-03 1.257E-03 1.277E-03 1.371E-03 1.383E-03 1.460E-03 1.496E-03 1.415E-03 1.740E-03 1.846E-03 1.897E-03 1.928E-03 1.927E-03 2.006E-03 2.102E-03 1.986E-03 1.660E-03 1.426E-03 2.060E-03 1.873E-03 1.558E-03 1.312E-03 1.327E-03 1.572E-03 2.087E-03 2.340E-03 2.217E-03 2.240E-03 2.172E-03 2.074E-03 1.833E-03 1.693E-03 1.671E-03 1.241E-03 1.146E-03 1.069E-03 1.095E-03 1.154E-03 1.278E-03 1.747E-03 1.801E-03 1.733E-03 1.587E-03 1.501E-03 1.417E-03 1.275E-03 1.093E-03 1.009E-03 8.018E-04 8.696E-04
  7.400E+01  9.449E-04 9.464E-04 1.044E-03 9.915E-04 1.028E-03 1.044E-03 1.086E-03 1.051E-03 1.094E-03 1.120E-03 1.142E-03 1.087E-03 1.174E-03 1.166E-03 1.247E-03 1.261E-03 1.354E-03 1.371E-03 1.303E-03 1.623E-03 1.706E-03 1.763E-03 1.780E-03 1.780E-03 1.855E-03 1.942E-03 1.840E-03 1.527E-03 1.308E-03 1.920E-03 1.727E-03 1.431E-03 1.201E-03 1.216E-03 1.447E-03 1.939E-03 2.182E-03 2.061E-03 2.079E-03 2.011E-03 1.918E-03 1.689E-03 1.558E-03 1.537E-03 1.136E-03 1.048E-03 9.780E-04 1.003E-03 1.058E-03 1.179E-03 1.628E-03 1.681E-03 1.617E-03 1.480E-03 1.400E-03 1.321E-03 1.190E-03 1.022E-03 9.448E-04 7.551E-04 8.300E-04
  7.600E+01  8.112E-04 8.911E-04 9.343E-04 8.510E-04 8.702E-04 9.402E-04 9.230E-04 9.361E-04 9.654E-04 9.970E-04 9.861E-04 1.024E-03 1.079E-03 1.034E-03 1.143E-03 1.167E-03 1.265E-03 1.271E-03 1.202E-03 1.516E-03 1.576E-03 1.644E-03 1.650E-03 1.648E-03 1.716E-03 1.801E-03 1.709E-03 1.410E-03 1.203E-03 1.792E-03 1.597E-03 1.317E-03 1.103E-03 1.117E-03 1.335E-03 1.805E-03 2.039E-03 1.920E-03 1.933E-03 1.867E-03 1.777E-03 1.560E-03 1.437E-03 1.418E-03 1.043E-03 9.612E-04 8.967E-04 9.203E-04 9.724E-04 1.089E-03 1.519E-03 1.572E-03 1.511E-03 1.382E-03 1.308E-03 1.234E-03 1.113E-03 9.576E-04 8.859E-04 7.123E-04 7.937E-04
  7.800E+01  7.547E-04 7.964E-04 7.393E-04 8.407E-04 8.452E-04 9.038E-04 9.176E-04 8.564E-04 9.442E-04 9.722E-04 9.339E-04 8.687E-04 9.833E-04 9.845E-04 1.088E-03 1.031E-03 1.177E-03 1.172E-03 1.114E-03 1.422E-03 1.458E-03 1.530E-03 1.535E-03 1.530E-03 1.595E-03 1.677E-03 1.587E-03 1.305E-03 1.110E-03 1.676E-03 1.479E-03 1.216E-03 1.015E-03 1.029E-03 1.234E-03 1.684E-03 1.909E-03 1.792E-03 1.801E-03 1.736E-03 1.651E-03 1.445E-03 1.328E-03 1.310E-03 9.596E-04 8.839E-04 8.243E-04 8.468E-04 8.957E-04 1.009E-03 1.421E-03 1.473E-03 1.415E-03 1.293E-03 1.223E-03 1.155E-03 1.042E-03 8.983E-04 8.319E-04 6.732E-04 7.606E-04
  8.000E+01  6.168E-04 7.455E-04 7.176E-04 7.703E-04 7.002E-04 8.419E-04 8.088E-04 7.345E-04 8.334E-04 8.596E-04 8.052E-04 8.120E-04 8.879E-04 8.921E-04 9.816E-04 9.693E-04 1.065E-03 1.075E-03 1.028E-03 1.335E-03 1.363E-03 1.415E-03 1.427E-03 1.420E-03 1.491E-03 1.563E-03 1.471E-03 1.208E-03 1.027E-03 1.570E-03 1.373E-03 1.125E-03 9.375E-04 9.504E-04 1.144E-03 1.574E-03 1.790E-03 1.676E-03 1.681E-03 1.619E-03 1.537E-03 1.341E-03 1.231E-03 1.215E-03 8.856E-04 8.150E-04 7.599E-04 7.813E-04 8.272E-04 9.363E-04 1.331E-03 1.382E-03 1.327E-03 1.212E-03 1.147E-03 1.083E-03 9.770E-04 8.441E-04 7.826E-04 6.374E-04 7.304E-04
  8.200E+01  6.017E-04 5.838E-04 6.859E-04 6.616E-04 7.086E-04 6.984E-04 7.432E-04 7.617E-04 7.577E-04 7.825E-04 8.265E-04 7.978E-04 8.140E-04 8.316E-04 9.111E-04 9.331E-04 9.714E-04 1.002E-03 9.515E-04 1.252E-03 1.283E-03 1.307E-03 1.329E-03 1.327E-03 1.394E-03 1.455E-03 1.365E-03 1.119E-03 9.532E-04 1.474E-03 1.277E-03 1.044E-03 8.680E-04 8.804E-04 1.063E-03 1.474E-03 1.683E-03 1.571E-03 1.573E-03 1.512E-03 1.434E-03 1.248E-03 1.144E-03 1.129E-03 8.197E-04 7.537E-04 7.024E-04 7.227E-04 7.659E-04 8.709E-04 1.249E-03 1.300E-03 1.247E-03 1.138E-03 1.077E-03 1.017E-03 9.179E-04 7.944E-04 7.374E-04 6.046E-04 7.028E-04
  8.400E+01  5.815E-04 6.414E-04 6.600E-04 6.508E-04 6.373E-04 7.282E-04 7.334E-04 6.757E-04 7.629E-04 7.878E-04 7.360E-04 7.306E-04 7.321E-04 7.856E-04 8.698E-04 8.712E-04 9.264E-04 9.444E-04 8.866E-04 1.172E-03 1.201E-03 1.222E-03 1.247E-03 1.248E-03 1.299E-03 1.361E-03 1.275E-03 1.042E-03 8.869E-04 1.387E-03 1.191E-03 9.716E-04 8.063E-04 8.180E-04 9.908E-04 1.384E-03 1.585E-03 1.476E-03 1.475E-03 1.416E-03 1.341E-03 1.165E-03 1.066E-03 1.052E-03 7.608E-04 6.990E-04 6.511E-04 6.704E-04 7.110E-04 8.118E-04 1.174E-03 1.224E-03 1.173E-03 1.070E-03 1.013E-03 9.563E-04 8.638E-04 7.491E-04 6.960E-04 5.747E-04 6.778E-04
  8.600E+01  5.758E-04 5.953E-04 6.484E-04 6.075E-04 5.632E-04 6.601E-04 6.403E-04 6.009E-04 6.580E-04 6.815E-04 6.464E-04 6.490E-04 7.394E-04 7.172E-04 7.930E-04 7.912E-04 8.759E-04 8.861E-04 8.279E-04 1.102E-03 1.117E-03 1.149E-03 1.173E-03 1.172E-03 1.213E-03 1.279E-03 1.198E-03 9.762E-04 8.275E-04 1.307E-03 1.115E-03 9.075E-04 7.515E-04 7.623E-04 9.257E-04 1.302E-03 1.495E-03 1.389E-03 1.386E-03 1.330E-03 1.258E-03 1.089E-03 9.961E-04 9.823E-04 7.083E-04 6.503E-04 6.054E-04 6.236E-04 6.618E-04 7.586E-04 1.106E-03 1.155E-03 1.107E-03 1.009E-03 9.541E-04 9.011E-04 8.144E-04 7.076E-04 6.582E-04 5.474E-04 6.551E-04
  8.800E+01  5.360E-04 5.441E-04 5.281E-04 6.198E-04 5.645E-04 6.346E-04 6.301E-04 6.043E-04 6.466E-04 6.631E-04 6.644E-04 6.279E-04 6.636E-04 6.723E-04 7.466E-04 7.381E-04 8.069E-04 8.233E-04 7.734E-04 1.040E-03 1.039E-03 1.083E-03 1.094E-03 1.092E-03 1.139E-03 1.200E-03 1.128E-03 9.172E-04 7.745E-04 1.234E-03 1.047E-03 8.503E-04 7.026E-04 7.125E-04 8.671E-04 1.228E-03 1.414E-03 1.310E-03 1.306E-03 1.251E-03 1.182E-03 1.022E-03 9.332E-04 9.201E-04 6.613E-04 6.067E-04 5.645E-04 5.817E-04 6.177E-04 7.104E-04 1.044E-03 1.092E-03 1.045E-03 9.523E-04 9.007E-04 8.507E-04 7.692E-04 6.697E-04 6.237E-04 5.226E-04 6.345E-04
  9.000E+01  4.219E-04 4.670E-04 5.036E-04 5.569E-04 5.301E-04 5.511E-04 5.939E-04 5.430E-04 6.186E-04 6.336E-04 5.791E-04 5.844E-04 5.851E-04 6.656E-04 7.146E-04 6.979E-04 7.475E-04 7.582E-04 7.237E-04 9.825E-04 9.739E-04 1.016E-03 1.020E-03 1.019E-03 1.074E-03 1.126E-03 1.062E-03 8.631E-04 7.272E-04 1.167E-03 9.854E-04 7.990E-04 6.590E-04 6.680E-04 8.145E-04 1.160E-03 1.340E-03 1.239E-03 1.233E-03 1.181E-03 1.114E-03 9.610E-04 8.768E-04 8.643E-04 6.194E-04 5.679E-04 5.281E-04 5.442E-04 5.782E-04 6.669E-04 9.878E-04 1.034E-03 9.895E-04 9.007E-04 8.519E-04 8.047E-04 7.279E-04 6.350E-04 5.921E-04 4.999E-04 6.159E-04
  9.200E+01  3.716E-04 3.760E-04 4.227E-04 4.274E-04 4.586E-04 4.338E-04 4.865E-04 4.965E-04 5.262E-04 5.410E-04 5.513E-04 5.501E-04 5.910E-04 6.015E-04 6.548E-04 6.488E-04 7.052E-04 7.179E-04 6.807E-04 9.286E-04 9.182E-04 9.542E-04 9.623E-04 9.632E-04 1.013E-03 1.061E-03 1.001E-03 8.143E-04 6.849E-04 1.107E-03 9.296E-04 7.531E-04 6.201E-04 6.282E-04 7.673E-04 1.099E-03 1.273E-03 1.174E-03 1.167E-03 1.117E-03 1.053E-03 9.063E-04 8.262E-04 8.144E-04 5.820E-04 5.332E-04 4.955E-04 5.107E-04 5.428E-04 6.277E-04 9.361E-04 9.811E-04 9.385E-04 8.536E-04 8.072E-04 7.626E-04 6.902E-04 6.034E-04 5.632E-04 4.793E-04 5.992E-04
  9.400E+01  3.052E-04 3.131E-04 3.258E-04 3.683E-04 4.009E-04 3.984E-04 4.543E-04 4.420E-04 4.910E-04 5.036E-04 4.920E-04 4.946E-04 5.391E-04 5.575E-04 5.977E-04 6.139E-04 6.733E-04 6.868E-04 6.401E-04 8.803E-04 8.700E-04 8.978E-04 9.162E-04 9.180E-04 9.541E-04 1.007E-03 9.453E-04 7.698E-04 6.471E-04 1.052E-03 8.787E-04 7.117E-04 5.853E-04 5.926E-04 7.248E-04 1.044E-03 1.212E-03 1.116E-03 1.108E-03 1.059E-03 9.977E-04 8.573E-04 7.808E-04 7.696E-04 5.486E-04 5.022E-04 4.663E-04 4.806E-04 5.111E-04 5.922E-04 8.890E-04 9.328E-04 8.918E-04 8.106E-04 7.665E-04 7.241E-04 6.557E-04 5.745E-04 5.369E-04 4.606E-04 5.841E-04
  9.600E+01  2.443E-04 2.701E-04 2.969E-04 3.043E-04 3.601E-04 3.330E-04 3.903E-04 3.900E-04 4.337E-04 4.479E-04 4.556E-04 4.453E-04 4.885E-04 5.154E-04 5.543E-04 5.785E-04 6.196E-04 6.536E-04 5.993E-04 8.363E-04 8.283E-04 8.410E-04 8.740E-04 8.763E-04 8.990E-04 9.600E-04 8.919E-04 7.283E-04 6.133E-04 1.002E-03 8.324E-04 6.744E-04 5.544E-04 5.609E-04 6.867E-04 9.938E-04 1.157E-03 1.063E-03 1.055E-03 1.007E-03 9.481E-04 8.132E-04 7.402E-04 7.296E-04 5.187E-04 4.746E-04 4.404E-04 4.538E-04 4.826E-04 5.601E-04 8.460E-04 8.886E-04 8.491E-04 7.712E-04 7.292E-04 6.889E-04 6.241E-04 5.480E-04 5.129E-04 4.436E-04 5.707E-04
  9.800E+01  2.124E-04 2.347E-04 2.776E-04 2.610E-04 2.959E-04 2.995E-04 3.162E-04 3.498E-04 3.542E-04 3.702E-04 3.970E-04 4.136E-04 4.716E-04 4.479E-04 4.944E-04 5.538E-04 5.600E-04 6.227E-04 5.615E-04 7.937E-04 7.881E-04 7.895E-04 8.300E-04 8.327E-04 8.528E-04 9.147E-04 8.445E-04 6.919E-04 5.832E-04 9.571E-04 7.915E-04 6.414E-04 5.269E-04 5.326E-04 6.526E-04 9.487E-04 1.107E-03 1.015E-03 1.006E-03 9.603E-04 9.035E-04 7.739E-04 7.038E-04 6.937E-04 4.922E-04 4.500E-04 4.172E-04 4.298E-04 4.572E-04 5.311E-04 8.067E-04 8.482E-04 8.100E-04 7.352E-04 6.950E-04 6.567E-04 5.953E-04 5.239E-04 4.909E-04 4.282E-04 5.587E-04
  1.000E+02  2.006E-04 2.183E-04 2.290E-04 2.327E-04 2.642E-04 2.683E-04 2.733E-04 3.353E-04 3.048E-04 3.185E-04 3.722E-04 3.745E-04 4.132E-04 3.956E-04 4.423E-04 5.087E-04 5.220E-04 5.759E-04 5.325E-04 7.530E-04 7.433E-04 7.525E-04 7.827E-04 7.857E-04 8.150E-04 8.692E-04 8.076E-04 6.626E-04 5.567E-04 9.165E-04 7.564E-04 6.129E-04 5.026E-04 5.074E-04 6.221E-04 9.080E-04 1.062E-03 9.724E-04 9.632E-04 9.183E-04 8.636E-04 7.387E-04 6.714E-04 6.617E-04 4.685E-04 4.281E-04 3.966E-04 4.084E-04 4.345E-04 5.049E-04 7.709E-04 8.111E-04 7.742E-04 7.022E-04 6.638E-04 6.273E-04 5.689E-04 5.019E-04 4.709E-04 4.143E-04 5.481E-04
  1.020E+02  1.704E-04 1.950E-04 2.132E-04 2.136E-04 2.398E-04 2.464E-04 2.665E-04 3.000E-04 2.995E-04 3.139E-04 3.287E-04 3.390E-04 3.804E-04 3.819E-04 4.372E-04 4.614E-04 5.170E-04 5.402E-04 5.132E-04 7.172E-04 6.996E-04 7.279E-04 7.407E-04 7.447E-04 7.790E-04 8.262E-04 7.791E-04 6.382E-04 5.335E-04 8.800E-04 7.264E-04 5.883E-04 4.813E-04 4.851E-04 5.948E-04 8.715E-04 1.021E-03 9.338E-04 9.244E-04 8.808E-04 8.278E-04 7.075E-04 6.426E-04 6.331E-04 4.476E-04 4.087E-04 3.783E-04 3.894E-04 4.142E-04 4.813E-04 7.381E-04 7.772E-04 7.415E-04 6.721E-04 6.352E-04 6.003E-04 5.448E-04 4.817E-04 4.527E-04 4.017E-04 5.388E-04
  1.040E+02  1.474E-04 1.765E-04 1.964E-04 2.174E-04 1.962E-04 2.414E-04 2.431E-04 2.504E-04 2.729E-04 2.888E-04 2.841E-04 3.220E-04 3.487E-04 3.413E-04 4.046E-04 4.333E-04 5.043E-04 5.102E-04 4.922E-04 6.879E-04 6.637E-04 7.011E-04 7.072E-04 7.115E-04 7.450E-04 7.920E-04 7.513E-04 6.153E-04 5.130E-04 8.473E-04 6.995E-04 5.664E-04 4.625E-04 4.654E-04 5.706E-04 8.388E-04 9.849E-04 8.993E-04 8.898E-04 8.476E-04 7.960E-04 6.798E-04 6.171E-04 6.079E-04 4.291E-04 3.916E-04 3.621E-04 3.725E-04 3.961E-04 4.601E-04 7.082E-04 7.461E-04 7.115E-04 6.445E-04 6.091E-04 5.756E-04 5.227E-04 4.634E-04 4.361E-04 3.904E-04 5.306E-04
  1.060E+02  1.489E-04 1.663E-04 1.747E-04 1.994E-04 1.972E-04 2.216E-04 2.251E-04 2.263E-04 2.556E-04 2.693E-04 2.628E-04 2.791E-04 3.159E-04 3.204E-04 3.733E-04 4.048E-04 4.610E-04 4.838E-04 4.673E-04 6.633E-04 6.371E-04 6.664E-04 6.824E-04 6.862E-04 7.146E-04 7.671E-04 7.211E-04 5.936E-04 4.950E-04 8.181E-04 6.745E-04 5.467E-04 4.461E-04 4.481E-04 5.492E-04 8.097E-04 9.526E-04 8.686E-04 8.591E-04 8.183E-04 7.680E-04 6.553E-04 5.947E-04 5.857E-04 4.128E-04 3.765E-04 3.477E-04 3.575E-04 3.801E-04 4.409E-04 6.809E-04 7.176E-04 6.840E-04 6.192E-04 5.851E-04 5.530E-04 5.026E-04 4.467E-04 4.210E-04 3.803E-04 5.235E-04
  1.080E+02  1.488E-04 1.601E-04 1.826E-04 1.828E-04 1.901E-04 2.077E-04 2.153E-04 2.140E-04 2.358E-04 2.465E-04 2.440E-04 2.580E-04 3.014E-04 2.968E-04 3.468E-04 3.897E-04 4.241E-04 4.669E-04 4.456E-04 6.409E-04 6.183E-04 6.348E-04 6.613E-04 6.661E-04 6.859E-04 7.451E-04 6.936E-04 5.747E-04 4.795E-04 7.923E-04 6.522E-04 5.296E-04 4.319E-04 4.330E-04 5.305E-04 7.840E-04 9.241E-04 8.414E-04 8.322E-04 7.928E-04 7.436E-04 6.339E-04 5.751E-04 5.664E-04 3.986E-04 3.633E-04 3.352E-04 3.442E-04 3.659E-04 4.236E-04 6.559E-04 6.914E-04 6.588E-04 5.960E-04 5.631E-04 5.323E-04 4.841E-04 4.314E-04 4.072E-04 3.712E-04 5.175E-04
  1.100E+02  1.355E-04 1.672E-04 1.829E-04 1.790E-04 1.787E-04 1.984E-04 2.117E-04 1.924E-04 2.277E-04 2.390E-04 2.202E-04 2.475E-04 2.790E-04 2.787E-04 3.270E-04 3.726E-04 4.064E-04 4.450E-04 4.309E-04 6.200E-04 6.002E-04 6.127E-04 6.397E-04 6.463E-04 6.625E-04 7.230E-04 6.728E-04 5.592E-04 4.665E-04 7.697E-04 6.338E-04 5.153E-04 4.198E-04 4.200E-04 5.142E-04 7.615E-04 8.991E-04 8.178E-04 8.089E-04 7.706E-04 7.225E-04 6.155E-04 5.581E-04 5.497E-04 3.863E-04 3.518E-04 3.242E-04 3.326E-04 3.534E-04 4.082E-04 6.331E-04 6.674E-04 6.357E-04 5.747E-04 5.430E-04 5.133E-04 4.672E-04 4.175E-04 3.947E-04 3.631E-04 5.123E-04
  1.120E+02  1.593E-04 1.507E-04 1.704E-04 1.762E-04 1.900E-04 1.829E-04 1.915E-04 1.997E-04 2.101E-04 2.222E-04 2.374E-04 2.265E-04 2.577E-04 2.787E-04 3.190E-04 3.458E-04 3.946E-04 4.203E-04 4.199E-04 5.995E-04 5.776E-04 5.978E-04 6.177E-04 6.246E-04 6.468E-04 7.022E-04 6.581E-04 5.470E-04 4.558E-04 7.505E-04 6.195E-04 5.038E-04 4.097E-04 4.089E-04 5.001E-04 7.421E-04 8.775E-04 7.975E-04 7.891E-04 7.515E-04 7.045E-04 5.998E-04 5.437E-04 5.354E-04 3.758E-04 3.420E-04 3.147E-04 3.226E-04 3.425E-04 3.943E-04 6.123E-04 6.453E-04 6.144E-04 5.551E-04 5.244E-04 4.959E-04 4.517E-04 4.048E-04 3.834E-04 3.559E-04 5.080E-04
  1.140E+02  1.466E-04 1.440E-04 1.647E-04 1.651E-04 1.609E-04 1.707E-04 2.107E-04 1.866E-04 2.258E-04 2.373E-04 2.175E-04 2.192E-04 2.383E-04 2.536E-04 3.081E-04 3.233E-04 3.869E-04 3.979E-04 4.102E-04 5.798E-04 5.571E-04 5.876E-04 5.973E-04 6.047E-04 6.340E-04 6.837E-04 6.475E-04 5.383E-04 4.474E-04 7.344E-04 6.084E-04 4.949E-04 4.015E-04 3.997E-04 4.883E-04 7.257E-04 8.592E-04 7.803E-04 7.725E-04 7.356E-04 6.895E-04 5.868E-04 5.317E-04 5.235E-04 3.669E-04 3.337E-04 3.067E-04 3.139E-04 3.331E-04 3.819E-04 5.931E-04 6.249E-04 5.948E-04 5.371E-04 5.074E-04 4.799E-04 4.376E-04 3.932E-04 3.731E-04 3.495E-04 5.045E-04
  1.160E+02  1.450E-04 1.450E-04 1.554E-04 1.599E-04 1.548E-04 1.843E-04 1.895E-04 1.877E-04 2.113E-04 2.226E-04 2.108E-04 2.006E-04 2.173E-04 2.428E-04 2.910E-04 3.070E-04 3.773E-04 3.829E-04 4.015E-04 5.635E-04 5.442E-04 5.770E-04 5.830E-04 5.919E-04 6.227E-04 6.704E-04 6.382E-04 5.320E-04 4.412E-04 7.213E-04 5.998E-04 4.882E-04 3.951E-04 3.923E-04 4.786E-04 7.121E-04 8.440E-04 7.661E-04 7.591E-04 7.227E-04 6.774E-04 5.763E-04 5.221E-04 5.138E-04 3.597E-04 3.268E-04 2.999E-04 3.065E-04 3.250E-04 3.709E-04 5.756E-04 6.061E-04 5.767E-04 5.205E-04 4.917E-04 4.651E-04 4.245E-04 3.827E-04 3.638E-04 3.439E-04 5.017E-04
  1.180E+02  1.392E-04 1.348E-04 1.555E-04 1.489E-04 1.756E-04 1.617E-04 1.846E-04 1.762E-04 1.955E-04 2.045E-04 1.997E-04 1.919E-04 2.203E-04 2.423E-04 2.888E-04 3.087E-04 3.552E-04 3.841E-04 3.935E-04 5.530E-04 5.394E-04 5.633E-04 5.780E-04 5.888E-04 6.133E-04 6.643E-04 6.293E-04 5.272E-04 4.372E-04 7.111E-04 5.936E-04 4.836E-04 3.905E-04 3.866E-04 4.709E-04 7.012E-04 8.319E-04 7.549E-04 7.487E-04 7.129E-04 6.682E-04 5.683E-04 5.146E-04 5.063E-04 3.539E-04 3.213E-04 2.943E-04 3.003E-04 3.182E-04 3.611E-04 5.595E-04 5.886E-04 5.600E-04 5.052E-04 4.772E-04 4.515E-04 4.126E-04 3.731E-04 3.553E-04 3.390E-04 4.996E-04
  1.200E+02  1.373E-04 1.341E-04 1.652E-04 1.425E-04 1.557E-04 1.546E-04 1.817E-04 1.638E-04 1.944E-04 2.028E-04 1.913E-04 2.024E-04 2.157E-04 2.212E-04 2.708E-04 3.154E-04 3.366E-04 3.842E-04 3.866E-04 5.462E-04 5.375E-04 5.532E-04 5.770E-04 5.886E-04 6.068E-04 6.626E-04 6.234E-04 5.250E-04 4.352E-04 7.039E-04 5.902E-04 4.812E-04 3.877E-04 3.826E-04 4.651E-04 6.930E-04 8.228E-04 7.465E-04 7.413E-04 7.060E-04 6.617E-04 5.626E-04 5.093E-04 5.010E-04 3.496E-04 3.171E-04 2.899E-04 2.953E-04 3.126E-04 3.524E-04 5.446E-04 5.724E-04 5.444E-04 4.910E-04 4.638E-04 4.389E-04 4.016E-04 3.643E-04 3.477E-04 3.348E-04 4.982E-04
  1.220E+02  1.189E-04 1.455E-04 1.571E-04 1.393E-04 1.443E-04 1.579E-04 1.599E-04 1.672E-04 1.731E-04 1.814E-04 1.911E-04 2.026E-04 2.074E-04 2.098E-04 2.528E-04 3.034E-04 3.284E-04 3.785E-04 3.847E-04 5.405E-04 5.342E-04 5.495E-04 5.761E-04 5.873E-04 6.069E-04 6.632E-04 6.230E-04 5.268E-04 4.353E-04 6.997E-04 5.904E-04 4.815E-04 3.868E-04 3.804E-04 4.614E-04 6.875E-04 8.166E-04 7.409E-04 7.369E-04 7.021E-04 6.580E-04 5.594E-04 5.062E-04 4.977E-04 3.467E-04 3.141E-04 2.866E-04 2.913E-04 3.081E-04 3.448E-04 5.308E-04 5.572E-04 5.299E-04 4.777E-04 4.513E-04 4.273E-04 3.915E-04 3.564E-04 3.408E-04 3.311E-04 4.973E-04
  1.240E+02  1.362E-04 1.390E-04 1.509E-04 1.449E-04 1.587E-04 1.557E-04 1.508E-04 1.680E-04 1.626E-04 1.712E-04 1.909E-04 1.693E-04 2.090E-04 2.196E-04 2.567E-04 2.883E-04 3.302E-04 3.735E-04 3.877E-04 5.356E-04 5.299E-04 5.540E-04 5.753E-04 5.867E-04 6.125E-04 6.651E-04 6.289E-04 5.325E-04 4.377E-04 6.988E-04 5.944E-04 4.845E-04 3.878E-04 3.798E-04 4.596E-04 6.846E-04 8.133E-04 7.382E-04 7.356E-04 7.010E-04 6.571E-04 5.585E-04 5.052E-04 4.965E-04 3.452E-04 3.124E-04 2.843E-04 2.884E-04 3.047E-04 3.381E-04 5.180E-04 5.428E-04 5.162E-04 4.653E-04 4.396E-04 4.164E-04 3.821E-04 3.491E-04 3.346E-04 3.280E-04 4.969E-04
  1.260E+02  1.286E-04 1.336E-04 1.414E-04 1.427E-04 1.391E-04 1.560E-04 1.713E-04 1.540E-04 1.740E-04 1.828E-04 1.752E-04 1.777E-04 2.044E-04 2.090E-04 2.534E-04 2.853E-04 3.377E-04 3.738E-04 3.927E-04 5.336E-04 5.296E-04 5.655E-04 5.775E-04 5.912E-04 6.204E-04 6.694E-04 6.399E-04 5.414E-04 4.424E-04 7.012E-04 6.020E-04 4.900E-04 3.905E-04 3.808E-04 4.598E-04 6.843E-04 8.129E-04 7.382E-04 7.372E-04 7.029E-04 6.590E-04 5.601E-04 5.064E-04 4.973E-04 3.451E-04 3.118E-04 2.831E-04 2.865E-04 3.023E-04 3.322E-04 5.059E-04 5.293E-04 5.033E-04 4.537E-04 4.287E-04 4.063E-04 3.734E-04 3.425E-04 3.290E-04 3.254E-04 4.971E-04
  1.280E+02  1.242E-04 1.260E-04 1.364E-04 1.473E-04 1.439E-04 1.624E-04 1.653E-04 1.515E-04 1.808E-04 1.907E-04 1.730E-04 1.748E-04 2.011E-04 2.056E-04 2.582E-04 2.875E-04 3.448E-04 3.863E-04 4.010E-04 5.351E-04 5.378E-04 5.791E-04 5.884E-04 6.049E-04 6.304E-04 6.808E-04 6.542E-04 5.534E-04 4.498E-04 7.069E-04 6.127E-04 4.981E-04 3.950E-04 3.836E-04 4.621E-04 6.867E-04 8.152E-04 7.411E-04 7.420E-04 7.078E-04 6.638E-04 5.641E-04 5.098E-04 5.003E-04 3.463E-04 3.124E-04 2.828E-04 2.856E-04 3.009E-04 3.272E-04 4.944E-04 5.163E-04 4.910E-04 4.426E-04 4.184E-04 3.968E-04 3.654E-04 3.365E-04 3.239E-04 3.233E-04 4.976E-04
  1.300E+02  1.143E-04 1.279E-04 1.337E-04 1.333E-04 1.489E-04 1.495E-04 1.684E-04 1.547E-04 1.818E-04 1.926E-04 1.797E-04 1.722E-04 2.029E-04 2.141E-04 2.626E-04 2.999E-04 3.551E-04 4.005E-04 4.133E-04 5.401E-04 5.556E-04 5.924E-04 6.085E-04 6.259E-04 6.454E-04 7.012E-04 6.711E-04 5.697E-04 4.599E-04 7.161E-04 6.268E-04 5.090E-04 4.015E-04 3.882E-04 4.663E-04 6.916E-04 8.201E-04 7.467E-04 7.500E-04 7.158E-04 6.717E-04 5.707E-04 5.154E-04 5.055E-04 3.488E-04 3.142E-04 2.836E-04 2.856E-04 3.005E-04 3.228E-04 4.835E-04 5.038E-04 4.793E-04 4.321E-04 4.087E-04 3.878E-04 3.579E-04 3.311E-04 3.194E-04 3.216E-04 4.986E-04
  1.320E+02  1.242E-04 1.333E-04 1.623E-04 1.480E-04 1.473E-04 1.492E-04 1.683E-04 1.546E-04 1.841E-04 1.931E-04 1.653E-04 1.840E-04 2.000E-04 2.120E-04 2.621E-04 3.150E-04 3.656E-04 4.083E-04 4.312E-04 5.484E-04 5.784E-04 6.096E-04 6.318E-04 6.495E-04 6.688E-04 7.278E-04 6.926E-04 5.910E-04 4.731E-04 7.290E-04 6.453E-04 5.233E-04 4.101E-04 3.945E-04 4.728E-04 6.992E-04 8.275E-04 7.550E-04 7.612E-04 7.269E-04 6.826E-04 5.798E-04 5.233E-04 5.128E-04 3.527E-04 3.171E-04 2.852E-04 2.864E-04 3.009E-04 3.189E-04 4.729E-04 4.916E-04 4.678E-04 4.221E-04 3.994E-04 3.794E-04 3.510E-04 3.261E-04 3.154E-04 3.203E-04 4.999E-04
  1.340E+02  1.289E-04 1.274E-04 1.441E-04 1.412E-04 1.504E-04 1.493E-04 1.606E-04 1.626E-04 1.701E-04 1.798E-04 1.884E-04 2.007E-04 1.973E-04 2.188E-04 2.722E-04 3.291E-04 3.801E-04 4.264E-04 4.586E-04 5.611E-04 6.039E-04 6.329E-04 6.574E-04 6.772E-04 7.044E-04 7.578E-04 7.204E-04 6.171E-04 4.895E-04 7.459E-04 6.697E-04 5.413E-04 4.209E-04 4.028E-04 4.814E-04 7.092E-04 8.372E-04 7.659E-04 7.755E-04 7.412E-04 6.966E-04 5.917E-04 5.336E-04 5.224E-04 3.579E-04 3.211E-04 2.878E-04 2.881E-04 3.022E-04 3.156E-04 4.626E-04 4.797E-04 4.567E-04 4.123E-04 3.905E-04 3.714E-04 3.444E-04 3.216E-04 3.118E-04 3.193E-04 5.016E-04
  1.360E+02  1.360E-04 1.265E-04 1.571E-04 1.293E-04 1.549E-04 1.488E-04 1.587E-04 1.718E-04 1.785E-04 1.884E-04 2.208E-04 1.946E-04 2.198E-04 2.503E-04 3.065E-04 3.521E-04 4.082E-04 4.573E-04 4.956E-04 5.778E-04 6.342E-04 6.665E-04 6.907E-04 7.133E-04 7.505E-04 7.937E-04 7.569E-04 6.481E-04 5.095E-04 7.668E-04 7.002E-04 5.631E-04 4.338E-04 4.130E-04 4.923E-04 7.216E-04 8.488E-04 7.792E-04 7.930E-04 7.587E-04 7.137E-04 6.063E-04 5.463E-04 5.342E-04 3.645E-04 3.263E-04 2.914E-04 2.907E-04 3.043E-04 3.127E-04 4.523E-04 4.680E-04 4.458E-04 4.029E-04 3.820E-04 3.637E-04 3.383E-04 3.176E-04 3.086E-04 3.187E-04 5.035E-04
  1.380E+02  1.275E-04 1.385E-04 1.555E-04 1.380E-04 1.550E-04 1.508E-04 1.694E-04 1.824E-04 1.910E-04 2.038E-04 2.119E-04 2.103E-04 2.403E-04 2.788E-04 3.361E-04 3.876E-04 4.521E-04 5.021E-04 5.398E-04 6.004E-04 6.727E-04 7.145E-04 7.364E-04 7.616E-04 8.012E-04 8.415E-04 8.039E-04 6.853E-04 5.332E-04 7.918E-04 7.365E-04 5.888E-04 4.491E-04 4.254E-04 5.055E-04 7.361E-04 8.619E-04 7.946E-04 8.134E-04 7.796E-04 7.340E-04 6.237E-04 5.615E-04 5.483E-04 3.725E-04 3.326E-04 2.957E-04 2.940E-04 3.072E-04 3.101E-04 4.422E-04 4.564E-04 4.350E-04 3.938E-04 3.738E-04 3.564E-04 3.326E-04 3.139E-04 3.059E-04 3.184E-04 5.058E-04
  1.400E+02  1.299E-04 1.403E-04 1.546E-04 1.673E-04 1.591E-04 1.808E-04 1.848E-04 1.868E-04 2.055E-04 2.197E-04 2.166E-04 2.304E-04 2.510E-04 2.975E-04 3.688E-04 4.260E-04 5.107E-04 5.565E-04 5.906E-04 6.324E-04 7.225E-04 7.764E-04 7.985E-04 8.243E-04 8.577E-04 9.059E-04 8.613E-04 7.305E-04 5.606E-04 8.207E-04 7.785E-04 6.186E-04 4.669E-04 4.398E-04 5.212E-04 7.524E-04 8.758E-04 8.116E-04 8.366E-04 8.036E-04 7.575E-04 6.439E-04 5.792E-04 5.648E-04 3.818E-04 3.400E-04 3.010E-04 2.980E-04 3.107E-04 3.076E-04 4.320E-04 4.450E-04 4.244E-04 3.849E-04 3.658E-04 3.495E-04 3.273E-04 3.107E-04 3.035E-04 3.184E-04 5.082E-04
  1.420E+02  1.389E-04 1.669E-04 1.522E-04 1.553E-04 1.797E-04 1.715E-04 1.932E-04 1.937E-04 2.136E-04 2.290E-04 2.383E-04 2.675E-04 2.934E-04 3.211E-04 3.988E-04 4.906E-04 5.735E-04 6.344E-04 6.523E-04 6.746E-04 7.898E-04 8.463E-04 8.790E-04 9.051E-04 9.277E-04 9.861E-04 9.281E-04 7.837E-04 5.921E-04 8.531E-04 8.276E-04 6.530E-04 4.872E-04 4.564E-04 5.392E-04 7.699E-04 8.896E-04 8.297E-04 8.623E-04 8.305E-04 7.841E-04 6.669E-04 5.994E-04 5.837E-04 3.924E-04 3.484E-04 3.070E-04 3.028E-04 3.149E-04 3.052E-04 4.218E-04 4.338E-04 4.141E-04 3.762E-04 3.583E-04 3.429E-04 3.224E-04 3.078E-04 3.014E-04 3.186E-04 5.108E-04
  1.440E+02  1.486E-04 1.465E-04 1.748E-04 1.778E-04 1.933E-04 2.059E-04 2.207E-04 2.345E-04 2.651E-04 2.825E-04 2.920E-04 2.866E-04 3.321E-04 3.961E-04 4.773E-04 5.668E-04 6.711E-04 7.306E-04 7.342E-04 7.266E-04 8.774E-04 9.299E-04 9.724E-04 1.001E-03 1.019E-03 1.079E-03 1.006E-03 8.450E-04 6.282E-04 8.884E-04 8.856E-04 6.923E-04 5.100E-04 4.752E-04 5.595E-04 7.878E-04 9.025E-04 8.481E-04 8.898E-04 8.598E-04 8.135E-04 6.926E-04 6.220E-04 6.047E-04 4.042E-04 3.578E-04 3.137E-04 3.081E-04 3.196E-04 3.027E-04 4.116E-04 4.228E-04 4.040E-04 3.679E-04 3.510E-04 3.367E-04 3.178E-04 3.053E-04 2.997E-04 3.190E-04 5.136E-04
  1.460E+02  1.513E-04 1.755E-04 1.972E-04 2.022E-04 2.201E-04 2.211E-04 2.429E-04 2.675E-04 2.985E-04 3.209E-04 3.307E-04 3.603E-04 3.881E-04 4.826E-04 5.814E-04 6.823E-04 8.049E-04 8.436E-04 8.357E-04 7.864E-04 9.856E-04 1.033E-03 1.082E-03 1.111E-03 1.135E-03 1.186E-03 1.099E-03 9.147E-04 6.688E-04 9.256E-04 9.531E-04 7.367E-04 5.352E-04 4.961E-04 5.819E-04 8.051E-04 9.134E-04 8.658E-04 9.182E-04 8.905E-04 8.449E-04 7.206E-04 6.467E-04 6.276E-04 4.172E-04 3.681E-04 3.211E-04 3.138E-04 3.246E-04 3.001E-04 4.017E-04 4.124E-04 3.943E-04 3.600E-04 3.442E-04 3.309E-04 3.137E-04 3.031E-04 2.983E-04 3.197E-04 5.165E-04
  1.480E+02  1.591E-04 1.692E-04 2.269E-04 2.148E-04 2.516E-04 2.597E-04 3.094E-04 3.531E-04 3.837E-04 4.109E-04 4.344E-04 4.882E-04 5.168E-04 6.372E-04 7.458E-04 8.410E-04 9.504E-04 1.000E-03 9.522E-04 8.528E-04 1.115E-03 1.161E-03 1.222E-03 1.250E-03 1.274E-03 1.316E-03 1.207E-03 9.915E-04 7.138E-04 9.630E-04 1.030E-03 7.854E-04 5.625E-04 5.189E-04 6.058E-04 8.207E-04 9.213E-04 8.814E-04 9.461E-04 9.215E-04 8.775E-04 7.504E-04 6.731E-04 6.519E-04 4.310E-04 3.790E-04 3.288E-04 3.198E-04 3.298E-04 2.972E-04 3.921E-04 4.027E-04 3.853E-04 3.527E-04 3.380E-04 3.257E-04 3.100E-04 3.014E-04 2.973E-04 3.205E-04 5.195E-04
  1.500E+02  1.933E-04 1.894E-04 2.373E-04 2.778E-04 3.535E-04 3.244E-04 3.930E-04 4.623E-04 5.083E-04 5.410E-04 5.583E-04 6.590E-04 7.113E-04 8.450E-04 9.337E-04 1.057E-03 1.136E-03 1.210E-03 1.077E-03 9.250E-04 1.268E-03 1.322E-03 1.398E-03 1.421E-03 1.433E-03 1.474E-03 1.336E-03 1.075E-03 7.624E-04 9.985E-04 1.114E-03 8.378E-04 5.916E-04 5.431E-04 6.304E-04 8.331E-04 9.258E-04 8.939E-04 9.721E-04 9.514E-04 9.097E-04 7.810E-04 7.004E-04 6.769E-04 4.453E-04 3.903E-04 3.368E-04 3.259E-04 3.349E-04 2.939E-04 3.833E-04 3.941E-04 3.772E-04 3.460E-04 3.324E-04 3.210E-04 3.069E-04 3.000E-04 2.966E-04 3.215E-04 5.226E-04
  1.520E+02  2.495E-04 2.855E-04 3.210E-04 4.372E-04 4.882E-04 5.127E-04 5.687E-04 6.610E-04 7.383E-04 7.760E-04 7.957E-04 8.755E-04 9.748E-04 1.084E-03 1.160E-03 1.285E-03 1.403E-03 1.451E-03 1.215E-03 1.002E-03 1.446E-03 1.531E-03 1.596E-03 1.613E-03 1.616E-03 1.654E-03 1.489E-03 1.170E-03 8.139E-04 1.029E-03 1.207E-03 8.938E-04 6.220E-04 5.680E-04 6.545E-04 8.413E-04 9.273E-04 9.023E-04 9.945E-04 9.784E-04 9.399E-04 8.111E-04 7.274E-04 7.015E-04 4.596E-04 4.015E-04 3.447E-04 3.317E-04 3.395E-04 2.904E-04 3.755E-04 3.868E-04 3.703E-04 3.403E-04 3.276E-04 3.170E-04 3.042E-04 2.989E-04 2.961E-04 3.226E-04 5.257E-04
  1.540E+02  4.012E-04 4.758E-04 5.364E-04 7.222E-04 7.243E-04 8.552E-04 8.552E-04 9.984E-04 1.084E-03 1.123E-03 1.101E-03 1.329E-03 1.417E-03 1.507E-03 1.545E-03 1.615E-03 1.726E-03 1.709E-03 1.380E-03 1.081E-03 1.657E-03 1.773E-03 1.812E-03 1.820E-03 1.832E-03 1.848E-03 1.660E-03 1.273E-03 8.674E-04 1.053E-03 1.308E-03 9.527E-04 6.524E-04 5.926E-04 6.764E-04 8.446E-04 9.276E-04 9.065E-04 1.012E-03 1.001E-03 9.660E-04 8.386E-04 7.526E-04 7.242E-04 4.732E-04 4.123E-04 3.521E-04 3.369E-04 3.435E-04 2.865E-04 3.692E-04 3.814E-04 3.649E-04 3.357E-04 3.237E-04 3.138E-04 3.021E-04 2.983E-04 2.960E-04 3.239E-04 5.288E-04
  1.560E+02  7.876E-04 8.751E-04 1.016E-03 1.367E-03 1.404E-03 1.396E-03 1.472E-03 1.794E-03 1.770E-03 1.787E-03 1.816E-03 2.050E-03 1.963E-03 2.086E-03 2.023E-03 1.990E-03 2.037E-03 1.971E-03 1.561E-03 1.159E-03 1.898E-03 2.025E-03 2.057E-03 2.048E-03 2.083E-03 2.056E-03 1.836E-03 1.376E-03 9.208E-04 1.069E-03 1.411E-03 1.011E-03 6.813E-04 6.150E-04 6.937E-04 8.441E-04 9.310E-04 9.083E-04 1.024E-03 1.017E-03 9.861E-04 8.613E-04 7.739E-04 7.433E-04 4.852E-04 4.218E-04 3.586E-04 3.411E-04 3.463E-04 2.826E-04 3.648E-04 3.782E-04 3.614E-04 3.324E-04 3.209E-04 3.115E-04 3.007E-04 2.980E-04 2.961E-04 3.252E-04 5.318E-04
  1.580E+02  2.296E-03 2.299E-03 2.064E-03 2.625E-03 2.693E-03 2.487E-03 2.592E-03 2.788E-03 2.740E-03 2.699E-03 2.620E-03 2.666E-03 2.540E-03 2.566E-03 2.493E-03 2.254E-03 2.315E-03 2.207E-03 1.729E-03 1.235E-03 2.160E-03 2.286E-03 2.329E-03 2.294E-03 2.336E-03 2.277E-03 2.001E-03 1.471E-03 9.696E-04 1.080E-03 1.503E-03 1.062E-03 7.061E-04 6.328E-04 7.037E-04 8.430E-04 9.447E-04 9.118E-04 1.033E-03 1.029E-03 9.992E-04 8.769E-04 7.890E-04 7.568E-04 4.944E-04 4.291E-04 3.634E-04 3.438E-04 3.476E-04 2.788E-04 3.629E-04 3.774E-04 3.601E-04 3.306E-04 3.192E-04 3.101E-04 2.999E-04 2.980E-04 2.965E-04 3.265E-04 5.347E-04
  1.600E+02  4.147E-03 3.919E-03 3.813E-03 3.548E-03 3.498E-03 3.447E-03 3.452E-03 3.089E-03 3.217E-03 3.198E-03 3.039E-03 2.806E-03 2.823E-03 2.717E-03 2.733E-03 2.463E-03 2.549E-03 2.420E-03 1.868E-03 1.326E-03 2.425E-03 2.536E-03 2.597E-03 2.533E-03 2.549E-03 2.485E-03 2.138E-03 1.545E-03 1.007E-03 1.097E-03 1.570E-03 1.099E-03 7.234E-04 6.429E-04 7.043E-04 8.474E-04 9.783E-04 9.246E-04 1.044E-03 1.037E-03 1.006E-03 8.838E-04 7.959E-04 7.630E-04 4.994E-04 4.332E-04 3.660E-04 3.448E-04 3.472E-04 2.756E-04 3.636E-04 3.794E-04 3.610E-04 3.304E-04 3.188E-04 3.096E-04 2.997E-04 2.984E-04 2.971E-04 3.279E-04 5.376E-04
  1.620E+02  3.322E-03 3.531E-03 3.537E-03 3.209E-03 3.096E-03 3.370E-03 3.339E-03 2.902E-03 3.083E-03 3.124E-03 2.980E-03 2.768E-03 2.945E-03 2.728E-03 2.813E-03 2.616E-03 2.644E-03 2.608E-03 1.969E-03 1.468E-03 2.639E-03 2.723E-03 2.810E-03 2.720E-03 2.698E-03 2.642E-03 2.225E-03 1.586E-03 1.026E-03 1.134E-03 1.600E-03 1.114E-03 7.290E-04 6.418E-04 6.943E-04 8.667E-04 1.043E-03 9.567E-04 1.067E-03 1.051E-03 1.012E-03 8.823E-04 7.936E-04 7.611E-04 4.993E-04 4.334E-04 3.659E-04 3.437E-04 3.453E-04 2.733E-04 3.672E-04 3.840E-04 3.643E-04 3.318E-04 3.197E-04 3.102E-04 3.001E-04 2.990E-04 2.979E-04 3.293E-04 5.403E-04
  1.640E+02  2.669E-03 2.863E-03 2.965E-03 2.680E-03 2.721E-03 2.893E-03 2.880E-03 2.664E-03 2.698E-03 2.768E-03 2.849E-03 2.713E-03 2.909E-03 2.597E-03 2.755E-03 2.775E-03 2.676E-03 2.748E-03 2.028E-03 1.707E-03 2.750E-03 2.821E-03 2.907E-03 2.800E-03 2.754E-03 2.709E-03 2.249E-03 1.585E-03 1.016E-03 1.215E-03 1.588E-03 1.100E-03 7.183E-04 6.269E-04 6.756E-04 9.117E-04 1.148E-03 1.020E-03 1.116E-03 1.081E-03 1.026E-03 8.764E-04 7.841E-04 7.530E-04 4.934E-04 4.291E-04 3.631E-04 3.410E-04 3.424E-04 2.725E-04 3.737E-04 3.913E-04 3.699E-04 3.347E-04 3.217E-04 3.115E-04 3.010E-04 2.999E-04 2.989E-04 3.307E-04 5.428E-04
  1.660E+02  2.569E-03 2.562E-03 2.672E-03 2.419E-03 2.599E-03 2.582E-03 2.755E-03 2.545E-03 2.680E-03 2.756E-03 2.780E-03 2.669E-03 2.817E-03 2.573E-03 2.805E-03 2.769E-03 2.784E-03 2.765E-03 2.037E-03 2.069E-03 2.730E-03 2.838E-03 2.866E-03 2.743E-03 2.713E-03 2.678E-03 2.214E-03 1.534E-03 9.694E-04 1.357E-03 1.535E-03 1.054E-03 6.888E-04 5.985E-04 6.542E-04 9.921E-04 1.301E-03 1.123E-03 1.205E-03 1.142E-03 1.061E-03 8.740E-04 7.729E-04 7.437E-04 4.828E-04 4.212E-04 3.582E-04 3.375E-04 3.396E-04 2.735E-04 3.828E-04 4.008E-04 3.774E-04 3.389E-04 3.246E-04 3.137E-04 3.024E-04 3.009E-04 2.999E-04 3.319E-04 5.451E-04
  1.680E+02  2.527E-03 2.635E-03 2.834E-03 2.651E-03 2.577E-03 2.754E-03 2.928E-03 2.598E-03 2.902E-03 2.984E-03 2.802E-03 2.625E-03 2.921E-03 2.797E-03 2.992E-03 2.667E-03 2.905E-03 2.694E-03 1.970E-03 2.561E-03 2.653E-03 2.798E-03 2.758E-03 2.601E-03 2.629E-03 2.606E-03 2.131E-03 1.427E-03 8.895E-04 1.575E-03 1.456E-03 9.810E-04 6.435E-04 5.618E-04 6.401E-04 1.113E-03 1.502E-03 1.272E-03 1.342E-03 1.245E-03 1.129E-03 8.861E-04 7.689E-04 7.414E-04 4.705E-04 4.118E-04 3.529E-04 3.348E-04 3.384E-04 2.764E-04 3.938E-04 4.118E-04 3.862E-04 3.440E-04 3.283E-04 3.163E-04 3.041E-04 3.021E-04 3.010E-04 3.331E-04 5.472E-04
  1.700E+02  2.857E-03 2.865E-03 2.925E-03 2.919E-03 2.878E-03 3.085E-03 3.096E-03 2.966E-03 3.120E-03 3.204E-03 3.188E-03 3.048E-03 3.281E-03 3.094E-03 3.205E-03 2.845E-03 2.989E-03 2.638E-03 1.838E-03 3.172E-03 2.636E-03 2.721E-03 2.675E-03 2.467E-03 2.576E-03 2.576E-03 2.035E-03 1.286E-03 7.956E-04 1.868E-03 1.385E-03 8.998E-04 5.939E-04 5.281E-04 6.442E-04 1.274E-03 1.745E-03 1.463E-03 1.529E-03 1.395E-03 1.238E-03 9.229E-04 7.820E-04 7.551E-04 4.617E-04 4.048E-04 3.496E-04 3.348E-04 3.404E-04 2.810E-04 4.060E-04 4.237E-04 3.958E-04 3.497E-04 3.323E-04 3.192E-04 3.060E-04 3.032E-04 3.020E-04 3.342E-04 5.490E-04
  1.720E+02  3.209E-03 3.339E-03 3.291E-03 3.366E-03 3.393E-03 3.569E-03 3.570E-03 3.576E-03 3.589E-03 3.674E-03 3.890E-03 3.686E-03 3.776E-03 3.457E-03 3.451E-03 3.144E-03 3.054E-03 2.692E-03 1.704E-03 3.889E-03 2.709E-03 2.670E-03 2.688E-03 2.426E-03 2.583E-03 2.658E-03 1.983E-03 1.164E-03 7.232E-04 2.224E-03 1.361E-03 8.430E-04 5.593E-04 5.111E-04 6.735E-04 1.464E-03 2.013E-03 1.683E-03 1.757E-03 1.586E-03 1.386E-03 9.888E-04 8.185E-04 7.903E-04 4.615E-04 4.043E-04 3.509E-04 3.386E-04 3.465E-04 2.868E-04 4.182E-04 4.353E-04 4.053E-04 3.553E-04 3.364E-04 3.222E-04 3.078E-04 3.043E-04 3.030E-04 3.351E-04 5.505E-04
  1.740E+02  3.895E-03 4.262E-03 4.344E-03 4.318E-03 4.328E-03 4.644E-03 4.652E-03 4.363E-03 4.640E-03 4.705E-03 4.449E-03 4.313E-03 4.879E-03 4.128E-03 3.944E-03 3.400E-03 3.095E-03 2.803E-03 1.605E-03 4.695E-03 2.849E-03 2.708E-03 2.812E-03 2.501E-03 2.655E-03 2.867E-03 2.036E-03 1.124E-03 7.064E-04 2.612E-03 1.413E-03 8.408E-04 5.570E-04 5.200E-04 7.267E-04 1.663E-03 2.281E-03 1.912E-03 2.002E-03 1.798E-03 1.558E-03 1.079E-03 8.768E-04 8.452E-04 4.727E-04 4.123E-04 3.577E-04 3.464E-04 3.559E-04 2.930E-04 4.293E-04 4.457E-04 4.139E-04 3.605E-04 3.401E-04 3.248E-04 3.094E-04 3.052E-04 3.038E-04 3.358E-04 5.517E-04
  1.760E+02  5.453E-03 5.945E-03 6.263E-03 5.953E-03 6.023E-03 6.311E-03 6.382E-03 5.845E-03 6.140E-03 6.114E-03 5.950E-03 5.349E-03 5.655E-03 4.854E-03 4.309E-03 3.432E-03 3.113E-03 2.781E-03 1.575E-03 5.577E-03 3.056E-03 2.865E-03 2.993E-03 2.665E-03 2.837E-03 3.164E-03 2.219E-03 1.204E-03 7.556E-04 2.979E-03 1.545E-03 9.003E-04 5.895E-04 5.515E-04 7.913E-04 1.842E-03 2.515E-03 2.116E-03 2.230E-03 2.000E-03 1.726E-03 1.176E-03 9.451E-04 9.085E-04 4.922E-04 4.268E-04 3.681E-04 3.561E-04 3.664E-04 2.984E-04 4.383E-04 4.540E-04 4.207E-04 3.646E-04 3.430E-04 3.269E-04 3.107E-04 3.059E-04 3.044E-04 3.364E-04 5.526E-04
  1.780E+02  1.043E-02 1.050E-02 1.065E-02 9.413E-03 8.899E-03 8.917E-03 8.190E-03 7.086E-03 7.030E-03 6.756E-03 6.378E-03 5.687E-03 5.364E-03 4.736E-03 3.972E-03 3.134E-03 3.074E-03 2.652E-03 1.701E-03 6.427E-03 3.352E-03 3.170E-03 3.264E-03 2.934E-03 3.128E-03 3.507E-03 2.492E-03 1.366E-03 8.393E-04 3.252E-03 1.707E-03 9.887E-04 6.356E-04 5.879E-04 8.456E-04 1.969E-03 2.677E-03 2.260E-03 2.395E-03 2.149E-03 1.853E-03 1.254E-03 1.002E-03 9.609E-04 5.113E-04 4.411E-04 3.778E-04 3.643E-04 3.748E-04 3.021E-04 4.440E-04 4.593E-04 4.251E-04 3.672E-04 3.449E-04 3.283E-04 3.115E-04 3.063E-04 3.048E-04 3.367E-04 5.531E-04
  1.800E+02  4.384E-03 4.197E-03 4.223E-03 4.054E-03 4.271E-03 4.339E-03 3.953E-03 3.926E-03 4.069E-03 4.117E-03 4.139E-03 4.003E-03 4.151E-03 4.141E-03 3.863E-03 3.253E-03 3.461E-03 2.934E-03 1.912E-03 6.837E-03 3.595E-03 3.437E-03 3.513E-03 3.170E-03 3.349E-03 3.722E-03 2.659E-03 1.465E-03 8.837E-04 3.354E-03 1.790E-03 1.034E-03 6.581E-04 6.042E-04 8.671E-04 2.014E-03 2.735E-03 2.312E-03 2.456E-03 2.204E-03 1.901E-03 1.284E-03 1.025E-03 9.815E-04 5.193E-04 4.471E-04 3.818E-04 3.675E-04 3.781E-04 3.034E-04 4.460E-04 4.611E-04 4.266E-04 3.681E-04 3.455E-04 3.288E-04 3.118E-04 3.065E-04 3.049E-04 3.368E-04 5.533E-04
