Alfalfa  
AZ 3 1 0 0 0 0 5 1 2 15 0 0 0 0 12 1 
CA 3 1 0 0 0 0 5 1 3 1 0 0 0 0 11 5 
CO 3 1 0 0 0 0 5 1 5 25 0 0 0 0 10 15 
DE 3 1 0 0 0 0 5 1 5 13 0 0 0 0 11 19 
ID 3 1 0 0 0 0 5 1 5 22 0 0 0 0 10 20 
IL 3 1 0 0 0 0 5 1 5 13 0 0 0 0 9 25 
IN 3 1 0 0 0 0 5 1 5 15 0 0 0 0 9 20 
IA 3 1 0 0 0 0 5 1 5 26 0 0 0 0 9 27 
KS 3 1 0 0 0 0 5 1 5 10 0 0 0 0 10 10 
KY 3 1 0 0 0 0 5 1 5 5 5 15 9 1 9 15 
MD 3 1 0 0 0 0 5 1 5 12 0 0 0 0 11 30 
MI 3 1 0 0 0 0 5 1 5 31 6 15 9 11 10 14 
MN 3 1 0 0 0 0 5 1 5 31 0 0 0 0 9 30 
MO 3 1 0 0 0 0 5 1 5 15 0 0 0 0 9 15 
MT 3 1 0 0 0 0 5 1 6 13 0 0 0 0 9 24 
NE 3 1 0 0 0 0 5 1 5 10 0 0 0 0 10 5 
NV 3 1 0 0 0 0 5 1 5 20 0 0 0 0 10 15 
NJ 3 1 0 0 0 0 5 1 5 14 0 0 0 0 10 15 
NM 3 1 0 0 0 0 5 1 5 1 0 0 0 0 10 20 
NY 3 1 0 0 0 0 5 1 5 25 0 0 0 0 11 1 
NC 3 1 0 0 0 0 5 1 4 30 0 0 0 0 11 17 
ND 3 1 0 0 0 0 5 1 6 12 0 0 0 0 9 6 
OH 3 1 0 0 0 0 5 1 5 20 0 0 0 0 9 30 
OK 3 1 0 0 0 0 5 1 4 23 0 0 0 0 10 13 
OR 3 1 0 0 0 0 5 1 5 5 0 0 0 0 9 20 
PA 3 1 0 0 0 0 5 1 5 15 0 0 0 0 11 15 
SD 3 1 0 0 0 0 5 1 6 1 6 13 8 19 9 1 
TN 3 1 0 0 0 0 5 1 5 1 0 0 0 0 10 1 
TX 3 1 0 0 0 0 5 1 4 15 0 0 0 0 9 20 
UT 3 1 0 0 0 0 5 1 6 1 0 0 0 0 10 25 
VA 3 1 0 0 0 0 5 1 5 1 0 0 0 0 10 20 
WA 3 1 0 0 0 0 5 1 5 15 6 1 9 5 10 1 
WV 3 1 0 0 0 0 5 1 5 25 0 0 0 0 9 25 
WI 3 1 0 0 0 0 5 1 6 1 0 0 0 0 9 30 
WY 3 1 0 0 0 0 5 1 6 11 0 0 0 0 10 1 
Barley-Spring                
AK 5 5 5 10 5 25 6 5 8 20 9 1 9 25 10 5 
CA 2 20 3 1 5 1 5 15 8 15 9 1 9 20 10 1 
CO 3 15 4 5 5 5 5 15 7 10 7 25 9 5 9 20 
ID 3 24 4 7 5 5 5 26 7 28 8 11 9 8 9 29 
KS 3 1 3 5 4 1 5 1 6 10 6 25 7 1 7 10 
MI 4 15 4 25 5 8 5 21 7 26 8 3 8 19 8 31 
MN 4 16 4 26 5 27 6 5 7 26 8 8 9 7 9 24 
MT 4 7 4 21 5 14 6 1 8 4 8 15 9 6 9 28 
NE 3 20 3 25 4 10 4 18 7 18 7 20 7 25 7 30 
NV 4 5 4 15 5 15 5 20 7 20 7 25 8 25 9 5 
ND 4 21 5 2 5 15 5 26 7 30 8 8 8 23 9 6 
OR 9 1 3 30 5 15 5 15 7 5 8 5 8 25 9 1 
SD 4 6 4 17 5 5 5 20 7 12 7 23 8 8 8 20 
UT 3 20 4 1 4 20 5 10 7 15 7 25 8 15 9 1 
WA 3 1 4 1 4 30 5 20 7 15 8 1 8 30 9 15 
WI 4 5 4 10 5 10 5 15 7 15 7 25 8 20 9 1 
WY 3 15 3 28 4 28 5 28 7 29 8 8 8 31 9 21 
Barley-Fall                
AZ 11 10 12 1 12 30 2 1 5 15 5 30 6 15 7 1 
CA 9 15 10 1 4 15 4 30 5 15 6 1 7 15 8 15 
DE 9 27 10 9 10 27 11 10 6 5 6 12 6 28 7 3 
KS 9 15 10 1 10 15 11 1 6 20 6 15 7 1 7 5 
KY 9 25 10 1 10 15 10 20 6 1 6 5 6 15 6 25 
MD 9 17 10 1 10 21 11 7 6 12 6 16 6 28 7 8 
NV 9 5 9 15 10 10 10 20 7 10 7 15 8 15 8 25 
NJ 9 14 10 1 10 14 10 21 6 7 6 21 7 10 6 14 
NC 9 25 10 15 11 10 12 1 5 25 6 9 6 30 7 25 
OK 9 12 10 3 10 29 11 21 6 6 6 17 6 30 7 10 
PA 8 25 9 15 10 15 10 25 6 20 6 25 7 20 8 10 
SC 10 7 10 20 11 20 12 15 5 25 6 5 6 24 7 18 
TX 9 10 10 1 11 15 12 1 5 20 6 5 6 20 7 1 
VA 9 10 10 5 10 30 11 25 5 30 6 10 6 25 7 15 
WY 0 0  0 0 0 0 0 0 0 0 0 0 0 0 0 0 
Corn                
AL 3 5 3 25 4 25 5 18 7 21 8 11 9 20 11 2 
AZ 3 15 4 1 5 15 6 1 9 1 10 1 11 1 12 1 
AR 4 3 4 10 5 18 5 25 8 16 8 27 9 18 10 11 
CA 3 15 4 1 7 1 7 15 9 1 10 1 11 15 12 1 
CO 4 15 5 1 5 15 6 1 10 1 10 15 11 10 12 1 
DE 4 19 4 30 5 16 5 28 9 10 9 20 10 15 11 5 
FL 3 1 3 15 4 15 4 25 7 15 8 1 9 10 10 1 
GA 3 1 3 20 4 15 5 5 7 25 8 15 9 5 10 10 
ID 4 21 5 5 5 26 6 9 9 29 10 20 11 10 11 24 
IL 4 22 4 30 5 18 5 28 9 24 10 9 11 3 11 19 
IN 4 25 5 5 5 20 6 10 9 20 10 10 11 25 12 10 
IA 4 22 5 2 5 16 6 3 9 17 10 7 10 31 11 17 
KS 4 10 4 25 5 15 5 25 9 5 9 20 10 30 11 10 
KY 4 12 4 21 5 18 6 8 9 8 9 22 10 20 11 15 
LA 3 10 3 19 4 4 4 28 7 29 8 13 9 1 9 16 
MD 4 20 4 30 5 20 6 7 9 9 9 22 10 22 11 17 
MI 5 1 5 10 5 21 5 31 10 3 10 23 11 17 12 3 
MN 4 24 5 3 5 22 6 8 9 29 10 15 11 12 11 28 
MS 3 27 3 31 4 28 6 11 8 12 9 1 10 6 10 22 
MO 4 5 4 20 5 25 6 10 9 1 9 20 10 30 12 1 
MT 4 19 5 1 5 25 6 8 9 15 9 20 10 5 10 15 
NE 4 21 5 3 5 19 6 1 9 21 10 11 11 6 12 1 
NJ 5 7 5 28 6 20 6 28 10 1 10 30 11 10 11 28 
NM 4 15 4 20 5 10 5 20 9 25 10 1 10 30 11 20 
NY 4 25 5 5 5 25 6 5 10 10 10 20 11 20 12 1 
NC 4 1 4 10 4 25 5 20 8 20 9 10 10 7 11 7 
ND 5 3 5 13 5 26 6 5 9 29 10 10 10 27 11 9 
OH 4 22 5 1 5 30 6 12 9 25 10 15 11 14 11 25 
OK 3 25 4 18 5 4 5 15 8 25 9 8 10 1 10 20 
OR 4 20 5 20 6 1 6 15 10 10 11 1 11 20 12 15 
PA 4 30 5 10 5 25 6 15 9 25 10 15 11 20 12 10 
SC 3 10 3 20 4 20 5 15 7 25 8 20 9 25 10 10 
SD 5 1 5 9 5 25 6 11 9 24 10 10 11 6 11 30 
TN 4 5 4 15 5 1 6 1 9 1 9 20 10 15 11 10 
TX 2 28 3 20 4 29 5 15 7 16 8 6 9 24 11 1 
UT 4 15 4 30 5 20 6 5 9 25 10 10 10 30 12 10 
VA 4 5 4 20 5 20 6 5 8 25 9 5 10 25 11 20 
WA 4 15 5 1 5 20 6 5 10 5 10 20 11 20 12 1 
WV 4 25 5 1 6 1 6 15 9 10 9 20 10 25 11 25 
WI 4 25 5 1 6 5 6 10 10 1 10 15 11 15 11 30 
WY 4 22 5 3 5 21 6 10 9 24 10 11 11 9 12 5 
Cotton 
AL 4 12 4 24 5 24 6 6 9 22 9 20 10 20 12 15 
AZ 3 15 4 1 4 30 5 15 9 15 10 10 11 10 12 25 
AR 4 24 5 1 5 24 5 31 9 22 10 6 10 30 11 24 
CA 4 1 4 15 4 30 5 15 10 1 10 15 11 1 11 15 
FL 4 1 4 15 5 15 6 15 9 15 10 1 11 1 12 1 
GA 4 20 4 25 5 25 6 5 9 20 10 5 11 15 12 15 
LA 4 17 4 26 5 16 6 2 9 15 9 28 10 20 11 13 
MS 4 14 4 28 5 28 6 9 9 15 10 6 11 3 11 17 
MO 4 25 5 5 5 20 6 1 9 20 10 5 10 30 11 20 
NM 4 10 4 20 5 10 5 20 10 10 10 25 11 30 12 20 
NC 4 21 5 1 5 20 6 8 9 27 10 7 11 15 12 15 
OK 5 6 5 20 6 12 6 29 10 11 11 4 11 29 12 15 
SC 4 24 5 1 5 20 6 1 9 23 10 15 11 13 12 5 
TN 4 25 5 5 5 20 6 5 9 20 10 5 11 1 11 25 
TX 3 10 5 5 6 6 6 30 8 10 10 1 12 2 12 28 
VA 4 10 4 20 5 10 5 20 9 30 10 25 11 25 12 10 
WY 0 0  0 0 0 0 0 0 0 0 0 0 0 0 0 0 
Hay 
AL 3 1 0 0 0 0 5 1 5 10 6 20 7 20 10 14 
AK 3 1 0 0 0 0 5 1 6 15 7 1 9 1 10 10 
AZ 3 1 0 0 0 0 5 1 2 15 0 0 0 0 12 1 
CA 3 1 0 0 0 0 5 1 5 15 0 0 0 0 10 1 
CO 3 1 0 0 0 0 5 1 6 25 0 0 0 0 9 25 
CT 3 1 0 0 0 0 5 1 5 20 0 0 0 0 10 30 
DE 3 1 0 0 0 0 5 1 5 10 0 0 0 0 11 8 
FL 3 1 0 0 0 0 5 1 5 10 6 1 7 30 11 20 
GA 3 1 0 0 0 0 5 1 5 1 0 0 0 0 10 15 
ID 3 1 0 0 0 0 5 1 6 1 0 0 0 0 9 10 
IL 3 1 0 0 0 0 5 1 5 20 0 0 0 0 7 15 
IN 3 1 0 0 0 0 5 1 6 10 0 0 0 0 8 20 
KS 3 1 0 0 0 0 5 1 5 25 6 1 9 1 9 10 
KY 3 1 0 0 0 0 5 1 5 15 0 0 0 0 10 10 
LA 3 1 0 0 0 0 5 1 4 26 0 0 0 0 10 22 
ME 3 1 0 0 0 0 5 1 5 30 0 0 0 0 10 20 
MD 3 1 0 0 0 0 5 1 5 10 0 0 0 0 11 19 
MA 3 1 0 0 0 0 5 1 5 20 0 0 0 0 10 30 
MN 3 1 0 0 0 0 5 1 6 5 0 0 0 0 8 30 
MS 3 1 0 0 0 0 5 1 5 10 0 0 0 0 10 20 
MO 3 1 0 0 0 0 5 1 5 20 0 0 0 0 9 10 
MT 3 1 0 0 0 0 5 1 6 15 0 0 0 0 9 1 
NE 3 1 0 0 0 0 5 1 6 5 0 0 0 0 9 20 
NV 3 1 0 0 0 0 5 1 6 15 0 0 0 0 9 15 
NH 3 1 0 0 0 0 5 1 5 25 0 0 0 0 10 25 
NJ 3 1 0 0 0 0 5 1 6 7 0 0 0 0 10 15 
NM 3 1 0 0 0 0 5 1 5 1 0 0 0 0 10 20 
NY 3 1 0 0 0 0 5 1 5 25 0 0 0 0 10 15 
NC 3 1 0 0 0 0 5 1 4 30 0 0 0 0 11 17 
ND 3 1 0 0 0 0 5 1 6 18 0 0 0 0 8 26 
OH 3 1 0 0 0 0 5 1 5 23 0 0 0 0 10 4 
OK 3 1 0 0 0 0 5 1 4 23 0 0 0 0 8 20 
OR 3 1 0 0 0 0 5 1 6 5 0 0 0 0 9 1 
PA 3 1 0 0 0 0 5 1 5 30 0 0 0 0 9 25 
RI 3 1 0 0 0 0 5 1 5 20 0 0 0 0 10 30 
SC 3 1 0 0 0 0 5 1 5 15 0 0 0 0 11 13 
SD 3 1 0 0 0 0 5 1 6 15 0 0 0 0 9 1 
TN 3 1 0 0 0 0 5 1 5 1 6 29 8 18 10 1 
TX 3 1 0 0 0 0 5 1 5 1 0 0 0 0 9 30 
UT 3 1 0 0 0 0 5 1 7 10 0 0 0 0 8 25 
VT 3 1 0 0 0 0 5 1 5 30 0 0 0 0 10 20 
VA 3 1 0 0 0 0 5 1 5 25 0 0 0 0 10 1 
WA 3 1 0 0 0 0 5 1 5 15 6 1 8 20 9 15 
WV 3 1 0 0 0 0 5 1 6 1 0 0 0 0 10 10 
WI 3 1 0 0 0 0 5 1 6 10 0 0 0 0 9 30 
WY 3 1 0 0 0 0 5 1 6 19 0 0 0 0 9 2 
Oats-Spring 
AK 5 5 5 15 6 1 6 5 9 1 9 10 9 30 10 10 
CA 2 20 3 1 5 15 5 30 8 15 9 1 9 20 10 1 
CO 3 15 4 5 5 5 5 25 7 10 7 25 9 5 9 30 
ID 3 31 4 14 5 19 6 2 7 21 8 11 9 8 9 29 
IL 3 25 4 8 4 23 5 8 7 14 7 24 8 3 8 11 
IN 4 1 4 5 4 25 5 10 7 10 7 15 8 5 8 10 
IA 3 24 4 4 4 23 5 17 7 3 7 15 7 29 8 9 
KS 2 20 3 5 4 1 4 15 7 10 7 15 8 1 8 10 
ME 5 7 5 14 5 26 6 9 8 10 8 23 9 15 10 10 
MI 4 15 4 25 5 8 5 21 7 26 8 3 8 19 8 31 
MN 4 10 4 25 5 14 5 26 7 24 8 1 8 26 9 10 
MO 3 1 3 15 4 20 4 30 6 20 7 1 7 25 8 1 
MT 4 10 4 26 5 18 6 3 8 6 8 16 9 6 9 26 
NE 3 24 4 2 4 27 5 9 7 4 7 15 8 2 8 12 
NY 4 1 4 10 4 30 5 15 8 1 8 5 8 25 9 10 
ND 4 22 5 2 5 17 5 28 8 2 8 11 8 27 9 10 
OH 4 3 4 15 5 10 5 24 7 16 7 26 8 12 8 22 
OR 3 15 3 15 4 15 4 15 7 10 8 10 8 20 9 1 
PA 4 15 4 15 5 10 5 25 7 20 7 25 8 20 8 30 
SD 4 4 4 15 5 4 5 21 7 10 7 21 8 7 8 20 
UT 3 20 4 10 5 5 6 1 7 25 8 15 9 10 9 30 
WA 3 5 3 10 4 10 4 20 7 15 8 1 8 30 9 10 
WV 4 1 4 10 5 10 6 1 7 1 7 20 8 15 9 1 
WI 4 1 4 10 5 20 5 25 7 20 7 30 8 25 9 5 
WY 3 28 4 15 5 14 6 1 7 29 8 15 9 10 9 26 
Oats-Fall                
AR 10 2 10 21 11 21 11 26 6 8 6 15 6 25 7 5 
CA 9 15 10 1 3 1 3 15 6 15 7 15 9 1 9 1 
GA 9 20 10 5 11 20 12 10 5 20 6 1 6 20 6 25 
NC 9 15 10 15 11 24 12 10 5 28 6 9 7 3 7 20 
OK 9 12 10 1 11 1 11 30 6 6 6 17 7 2 7 12 
SC 9 23 10 15 11 20 12 15 5 25 6 3 6 20 7 3 
TX 9 10 9 29 11 14 12 21 5 18 6 5 7 5 7 25 
WY 0 0  0 0 0 0 0 0 0 0 0 0 0 0 0 0 
Peanuts                
AL 4 16 4 25 5 25 6 6 9 4 9 22 10 22 11 1 
FL 4 1 4 15 5 1 5 15 8 15 9 15 10 15 11 15 
GA 4 15 4 25 5 20 6 10 9 5 9 10 10 15 11 1 
NM 5 10 5 15 5 25 6 1 10 1 10 10 10 30 11 10 
NC 4 28 5 8 5 28 6 2 9 24 10 8 10 29 11 14 
OK 5 7 5 19 6 14 6 29 9 29 10 14 11 8 11 28 
SC 4 20 4 25 5 15 6 5 9 8 10 2 11 1 11 10 
TX 5 7 5 29 6 1 7 18 9 7 10 10 11 22 12 20 
VA 4 20 5 5 5 20 5 25 9 15 10 5 10 25 11 5 
WY 0 0  0 0 0 0 0 0 0 0 0 0 0 0 0 0 
Potatoes 
AZ 12 15 1 1 1 30 2 15 4 15 5 15 6 15 7 1 
CO 5 1 5 5 5 25 6 1 9 5 9 20 10 10 10 15 
DE 4 5 4 14 4 28 5 5 7 4 7 23 8 23 9 15 
FL 9 15 9 15 3 1 3 1 1 15 2 1 6 15 7 1 
GA 4 1 4 1 5 15 5 15 7 15 7 15 11 20 11 20 
ID 4 14 4 28 5 19 6 9 9 1 9 22 10 13 10 27 
LA 5 5 5 28 6 25 7 14 8 4 8 25 9 19 10 10 
ME 5 10 5 18 5 29 6 10 9 7 9 21 10 7 10 19 
MD 4 7 4 12 4 28 5 10 7 1 7 20 8 11 8 28 
MA 4 28 5 5 5 21 6 1 8 5 8 25 9 29 10 19 
MI 4 24 5 7 5 24 6 7 7 23 8 24 10 7 10 23 
MN 4 25 5 8 5 31 6 14 8 28 9 16 10 12 10 21 
MS 4 21 5 19 6 23 7 7 8 12 9 1 10 13 11 10 
MO 3 1 3 15 4 20 4 30 6 20 7 1 7 25 8 1 
MT 4 27 5 12 6 1 6 11 9 17 9 27 10 15 10 28 
NJ 3 14 4 21 5 30 5 30 6 21 7 1 8 30 10 15 
NM 4 20 4 25 5 5 5 10 9 1 9 25 10 10 10 20 
NY 3 25 5 15 5 25 6 15 7 15 9 1 9 20 11 5 
NC 3 4 3 10 4 7 4 28 6 9 6 23 7 14 8 7 
ND 5 5 5 13 5 24 6 1 8 31 9 14 9 30 10 12 
OH 4 18 4 30 5 21 6 4 7 30 8 22 10 5 10 25 
OR 3 15 4 15 5 14 5 15 7 15 10 10 10 20 11 15 
PA 4 10 4 20 5 25 6 10 8 10 8 25 10 10 10 30 
RI 4 30 5 7 5 23 6 5 8 14 8 28 9 30 10 15 
SC 4 11 5 12 6 15 7 5 8 20 9 25 11 6 12 8 
UT 4 25 5 10 6 10 6 20 8 25 9 15 10 15 10 30 
WA 3 15 4 10 5 5 5 15 7 15 9 15 10 15 11 5 
WI 3 25 4 5 4 25 5 1 7 20 8 15 10 1 10 10 
WY 0 0  0 0 0 0 0 0 0 0 0 0 0 0 0 0 
Rice                
AR 4 7 4 18 5 18 6 2 8 26 9 3 10 4 10 25 
CA 5 1 5 10 5 25 6 5 9 15 10 1 10 15 11 1 
LA 3 20 4 3 5 2 6 2 7 22 8 8 9 6 10 8 
MS 4 2 4 23 5 28 6 9 8 25 9 10 10 6 10 27 
MO  4 15 5 1 5 25 6 10 9 10 9 25 10 25 11 1 
TX 3 22 4 5 5 4 5 26 7 22 8 10 9 11 10 15 
WY 0 0  0 0 0 0 0 0 0 0 0 0 0 0 0 0 
Rye                
GA 9 20 10 5 11 10 12 5 5 10 5 25 6 20 6 25 
IN 9 10 9 20 10 15 10 30 6 20 6 30 7 20 7 25 
KS 9 1 9 10 9 20 10 1 6 10 6 15 6 25 7 5 
MD 9 19 10 3 11 1 11 17 6 14 6 25 7 14 7 25 
MN 8 23 9 2 9 27 10 9 7 15 7 28 8 20 8 29 
NE 8 30 9 12 9 26 10 6 6 30 7 12 7 30 8 8 
NJ 9 1 10 14 11 14 11 14 7 7 7 21 8 1 8 7 
NY 9 1 9 10 10 10 10 25 7 5 7 10 7 15 7 20 
NC 9 20 10 7 11 5 12 5 5 28 6 5 7 7 7 28 
ND 9 7 9 14 9 21 9 30 7 10 7 14 7 24 8 1 
OH 9 10 9 15 10 14 10 20 6 25 7 1 7 15 7 20 
OK 9 5 9 5 10 15 10 15 6 10 6 10 6 15 6 15 
PA 8 30 9 15 10 15 10 30 7 5 7 10 7 30 8 10 
SC 9 23 10 10 11 20 12 13 5 23 6 8 6 28 7 10 
SD 8 30 9 9 9 24 10 7 7 9 7 20 8 4 8 15 
TX 9 1 9 25 10 20 11 15 5 15 6 5 6 20 7 1 
VA 8 20 8 25 11 20 11 30 6 5 6 10 6 25 7 5 
WI 8 15 9 10 9 30 10 1 7 5 7 15 8 5 8 10 
WY 0 0  0 0 0 0 0 0 0 0 0 0 0 0 0 0 
Sorghum                
AL 4 1 5 1 5 30 7 1 9 1 10 1 10 30 12 15 
AR 4 6 4 21 5 23 6 9 8 24 9 3 9 29 10 24 
CO 5 10 6 1 6 20 7 1 9 25 10 10 11 15 11 25 
GA 4 15 4 30 6 5 7 5 8 20 9 10 10 15 11 25 
IL 5 20 6 2 6 21 6 30 9 27 10 15 11 3 11 17 
KS 5 10 5 25 6 20 7 5 9 15 10 10 11 5 11 30 
KY 5 10 5 15 6 25 7 1 9 25 10 10 11 10 11 15 
LA 3 31 4 20 5 22 6 23 8 12 8 25 9 19 10 10 
MS 4 2 4 14 5 28 6 23 8 18 8 18 10 6 10 20 
MO 4 25 5 15 6 15 7 1 9 10 9 25 10 30 11 25 
NE 5 11 5 20 6 8 7 19 9 19 10 8 10 30 11 17 
NM 5 10 5 20 6 15 7 1 10 15 10 20 11 15 12 15 
NC 5 5 5 25 6 16 7 14 8 14 10 1 10 22 11 26 
OK 4 30 5 27 6 17 7 5 9 21 10 23 11 17 12 6 
SC 4 25 5 25 6 30 7 25 7 28 9 3 11 6 12 7 
SD 5 14 5 26 6 14 7 2 9 22 10 6 10 29 11 16 
TN 4 15 5 10 6 5 6 25 9 1 9 15 10 10 11 1 
TX 3 3 3 22 5 23 7 5 7 5 7 19 10 10 11 26 
WY 0 0  0 0 0 0 0 0 0 0 0 0 0 0 0 0 
Soybeans                
AL 4 30 5 25 6 25 7 3 9 28 10 28 11 28 12 8 
AR 5 4 5 25 6 20 7 7 9 25 10 15 11 9 11 29 
DE 5 18 5 30 6 28 7 11 10 5 10 22 11 14 11 25 
FL 5 1 5 15 6 15 7 1 10 1 10 15 11 15 11 25 
AG 5 5 5 25 6 20 7 5 10 1 11 1 11 25 12 15 
IL 5 6 5 15 6 9 6 16 9 23 10 1 10 19 11 3 
IN 5 5 5 15 6 5 6 20 9 25 9 30 10 25 11 5 
IA 5 4 5 14 6 2 6 17 9 21 10 1 10 15 10 27 
KS 5 10 5 25 6 20 7 5 9 20 10 5 10 25 11 15 
KY 5 10 5 25 6 25 7 5 10 1 10 18 11 10 11 18 
LA 5 5 5 18 6 15 7 5 9 15 10 4 10 31 11 20 
MD 5 11 5 28 6 26 7 16 10 5 10 18 11 15 12 1 
MI 5 8 5 18 6 3 6 15 9 30 10 12 10 28 11 7 
MN 5 6 5 16 6 3 6 23 9 25 10 4 10 21 10 30 
MS 4 10 4 25 5 25 7 1 8 15 9 15 10 20 12 3 
MO 5 5 5 15 7 1 7 10 9 25 10 10 10 30 11 25 
NE 5 9 5 18 6 4 6 17 9 19 9 30 10 15 10 27 
NJ 5 30 6 14 7 14 7 14 10 1 10 21 11 10 11 30 
NC 5 1 5 20 6 30 7 18 10 10 11 12 12 3 12 20 
ND 5 12 5 19 5 29 6 6 9 16 9 26 10 11 10 22 
OH 5 5 5 10 6 7 6 23 9 21 10 1 10 22 11 10 
OK 4 20 5 18 6 22 7 9 9 17 10 14 11 17 12 9 
PA 5 10 5 20 6 10 7 5 10 5 10 20 11 10 11 30 
SC 5 10 5 27 6 27 7 11 10 20 11 10 12 10 12 30 
SD 5 10 5 20 6 6 6 26 9 21 10 1 10 23 11 5 
TN 5 10 5 30 6 25 7 10 10 5 10 20 11 15 12 5 
TX 4 16 5 3 6 14 7 16 8 13 9 10 11 1 12 3 
VA 4 30 5 20 6 30 7 10 10 5 10 25 11 25 12 10 
WI 5 5 5 15 6 20 6 30 10 1 10 15 11 1 11 10 
WY 0 0  0 0 0 0 0 0 0 0 0 0 0 0 0 0 
Sugerbeets  
CA 8 15 9 1 10 15 10 30 4 1 4 15 8 1 8 15 
CO 3 25 4 10 4 25 5 5 10 5 10 15 11 5 11 10 
ID 3 24 4 3 4 21 5 5 9 15 10 8 10 30 11 10 
MI 4 25 4 30 5 4 5 13 10 6 10 17 10 29 11 5 
MN 4 22 4 30 5 20 5 30 9 17 10 3 10 18 10 28 
MT 4 9 4 19 5 6 5 16 9 24 10 9 10 20 11 2 
NE 4 1 4 10 4 30 5 5 10 5 10 10 10 30 11 5 
NM 3 25 4 5 4 25 5 5 10 5 10 20 11 10 12 1 
ND 4 22 4 29 5 10 5 16 9 18 10 5 10 13 10 20 
OH 4 15 4 20 5 15 5 30 9 25 10 20 11 10 11 20 
OR 3 15 3 22 3 30 3 30 10 1 10 10 10 20 10 30 
TX 3 27 4 8 4 25 5 7 10 3 10 21 12 1 12 24 
WA 3 15 3 20 3 30 4 7 9 15 10 10 10 20 11 7 
WY 4 3 4 12 4 29 5 11 9 21 10 8 10 24 11 2 
Tobacco                
FL 3 1 3 1 4 15 4 15 6 1 7 1 8 1 8 25 
GA 3 20 4 1 4 10 4 25 6 20 7 10 8 15 9 1 
IN 5 20 5 30 6 15 6 25 8 15 9 1 9 30 10 10 
KY 5 10 5 20 6 8 6 20 8 5 8 18 9 15 10 1 
MD 5 9 5 25 6 4 6 24 8 7 8 21 9 14 9 26 
MO 5 10 5 15 5 30 6 15 8 10 8 25 9 15 9 25 
CT 5 14 5 20 6 15 6 26 7 17 7 30 8 24 9 7 
MA 5 14 5 20 6 15 6 26 7 17 7 30 8 24 9 7 
NC 4 15 5 7 6 7 6 30 7 1 7 21 9 22 10 13 
OH 6 1 6 7 6 21 7 5 8 30 9 5 9 20 10 5 
PA 5 25 5 30 6 15 6 25 8 10 8 20 9 10 9 25 
SC 4 2 4 9 4 30 5 10 6 30 7 18 8 26 9 20 
TN 5 5 5 15 6 5 6 20 8 5 8 25 9 15 10 5 
VA 4 30 5 5 6 5 6 25 7 15 8 15 9 25 10 10 
WV 5 15 5 20 6 15 7 1 8 15 8 20 9 20 10 5 
WI 5 15 6 1 6 30 7 5 8 15 8 25 9 10 9 25 
WY 0 0  0 0 0 0 0 0 0 0 0 0 0 0 0 0 
Wheat-Spring                
CO 3 25 4 20 5 10 5 25 7 25 8 10 9 10 10 5 
ID 3 21 4 7 5 3 5 26 8 4 8 13 9 8 9 29 
MN 4 13 4 27 5 25 6 3 7 31 8 12 9 16 9 30 
MT 4 8 4 22 5 13 5 29 8 7 8 16 9 6 9 27 
NV 4 5 4 15 5 15 5 20 7 20 8 1 8 25 9 5 
ND 4 19 5 1 5 16 5 27 8 4 8 14 9 1 9 14 
OR 3 1 3 25 4 15 4 15 8 1 8 15 9 10 9 15 
SD 4 3 4 14 5 2 5 17 7 15 7 27 8 13 8 30 
UT 3 20 4 1 4 20 5 1 7 15 8 5 8 25 9 5 
WA 3 1 3 25 4 25 5 15 7 20 8 5 8 30 9 15 
WI 4 5 4 10 5 10 5 15 7 25 8 5 8 25 9 1 
WY 3 27 4 14 5 15 6 3 8 1 8 12 9 8 9 25 
Wheat-Winter                
AL 10 2 10 21 11 21 12 12 5 1 5 25 6 25 7 1 
AZ 11 10 12 1 12 30 2 1 5 15 5 30 6 15 7 1 
AR 10 3 10 17 11 12 11 27 6 8 6 15 6 28 7 5 
CA 10 15 11 15 1 15 2 15 6 1 6 15 7 15 8 1 
CO 8 25 9 10 9 25 10 10 6 25 7 10 7 20 8 10 
DE 10 8 10 19 11 8 11 21 6 22 6 26 7 8 7 17 
FL 10 15 11 15 12 15 12 15 5 1 5 15 5 31 6 15 
GA 10 5 11 15 12 5 12 15 5 20 6 1 6 15 6 30 
ID 9 8 9 22 10 13 11 3 7 23 8 4 8 25 9 14 
IL 9 29 10 13 10 29 11 6 6 22 6 30 7 8 6 20 
IN 9 20 10 5 10 25 11 10 6 20 6 30 7 20 7 25 
IA 9 6 9 26 10 15 10 30 6 24 7 6 7 22 8 7 
KS 9 10 9 20 10 10 10 25 6 15 6 20 7 10 7 25 
KY 9 23 10 9 11 2 11 20 6 12 6 20 7 1 7 10 
LA 10 8 10 30 11 21 12 12 5 14 5 22 6 9 6 23 
MD 10 5 10 17 11 6 11 19 6 22 6 28 7 12 7 20 
MI 9 13 9 25 10 15 10 29 7 14 7 20 7 20 8 4 
MN 8 21 9 3 9 26 10 7 7 18 8 1 8 21 9 5 
MS 9 24 10 8 11 12 12 10 5 28 6 6 6 23 7 7 
MO 9 20 10 10 11 1 11 20 6 15 6 20 7 10 7 20 
MT 9 7 9 19 10 6 10 23 7 28 8 6 8 23 9 8 
NE 8 30 9 12 9 26 10 6 6 26 7 7 7 26 8 8 
NV 9 5 9 15 10 10 10 20 7 15 7 20 8 20 8 25 
NJ 9 14 10 14 11 14 11 14 7 1 7 28 8 1 8 14 
NM 8 25 9 10 9 24 10 15 6 15 6 20 7 10 7 15 
NY 9 10 9 15 10 5 11 1 7 15 7 20 7 30 8 5 
NC 9 20 10 15 11 20 12 20 5 29 6 9 6 30 7 25 
ND 9 7 9 14 9 21 9 30 7 10 7 14 7 24 8 1 
OH 9 24 10 1 10 21 11 2 7 1 7 5 7 28 8 4 
OK 9 3 9 22 10 12 11 2 6 5 6 15 6 25 7 5 
OR 9 15 10 10 11 10 11 10 7 15 7 30 8 20 9 1 
PA 8 30 9 15 10 15 10 30 6 5 7 10 7 30 8 10 
SC 10 15 11 11 12 15 12 31 5 26 6 6 6 25 7 1 
SD 9 1 9 10 9 23 10 7 7 6 7 15 7 31 8 12 
TN 9 25 10 15 11 10 11 30 6 10 6 15 6 30 7 10 
TZ 8 31 9 16 10 21 12 3 5 25 6 10 6 30 7 7 
UT 8 20 8 25 10 5 10 20 7 10 7 25 8 10 8 25 
VA 9 25 10 20 11 15 11 30 6 5 6 20 7 15 7 25 
WA 9 1 9 5 10 5 10 30 7 15 7 25 8 20 9 5 
WV 9 20 10 10 11 5 11 20 6 25 7 5 8 1 8 10 
WI 9 5 9 10 9 30 10 5 7 15 7 25 8 15 8 20 
WY 8 23 9 4 9 20 10 2 7 13 7 24 8 12 9 3 
