CH3COCH3_RACM2
! ACT + HV = ACO3 + MO2
! Absorption x-section from NASA - 2006                                                   
! Quantum yield
! Supplied by Dr. Wendy Goliff, reformatted by Dr. Golam Sarwar to make it compatible with CMAQ
Points 
! With FAC, units are (cm^2/molecule)
FAC=1.0
186.1  0.000E+00  0.000
187.8  0.000E+00  0.000
189.6  0.000E+00  0.000
191.4  0.000E+00  0.000
193.3  0.000E+00  0.000
195.2  0.000E+00  0.000
197.1  0.000E+00  0.000
199.0  0.000E+00  0.000
201.0  0.000E+00  0.000
203.1  0.000E+00  0.000
205.2  0.000E+00  0.000
207.3  0.000E+00  0.000
209.4  0.000E+00  0.000
211.7  0.000E+00  0.000
213.9  0.000E+00  0.000
216.2  0.167E-20  0.000
218.6  0.212E-20  0.000
221.0  0.270E-20  0.000
223.5  0.346E-20  0.000
226.0  0.419E-20  0.000
228.6  0.535E-20  0.000
231.3  0.637E-20  0.000
234.0  0.815E-20  0.000
236.7  0.103E-19  0.000
239.6  0.130E-19  0.000
242.5  0.160E-19  0.000
245.4  0.183E-19  0.000
248.5  0.233E-19  0.880
251.6  0.274E-19  0.880
254.8  0.315E-19  0.880
258.2  0.357E-19  0.880
261.5  0.407E-19  0.880
265.0  0.441E-19  0.880
268.5  0.472E-19  0.880
272.2  0.491E-19  0.880
275.9  0.493E-19  0.880
279.8  0.491E-19  0.880
283.7  0.462E-19  0.840
287.8  0.428E-19  0.770
292.0  0.382E-19  0.720
296.3  0.326E-19  0.640
300.5  0.258E-19  0.610
303.0  0.230E-19  0.500
304.0  0.218E-19  0.430
305.0  0.205E-19  0.400
306.0  0.189E-19  0.320
307.0  0.175E-19  0.280
308.0  0.161E-19  0.260
309.0  0.149E-19  0.240
310.0  0.136E-19  0.200
311.0  0.124E-19  0.170
312.0  0.114E-19  0.150
313.0  0.106E-19  0.120
314.0  0.944E-20  0.100
316.0  0.760E-20  0.060
320.0  0.455E-20  0.050
325.0  0.210E-20  0.025
330.0  0.740E-21  0.000
335.0  0.248E-21  0.000
340.0  0.912E-22  0.000
345.0  0.301E-22  0.000
350.0  0.000E+00  0.000
355.0  0.000E+00  0.000
360.0  0.000E+00  0.000
365.0  0.000E+00  0.000
370.0  0.000E+00  0.000
375.0  0.000E+00  0.000
380.0  0.000E+00  0.000
385.0  0.000E+00  0.000
390.0  0.000E+00  0.000
395.0  0.000E+00  0.000
400.0  0.000E+00  0.000
405.0  0.000E+00  0.000
410.0  0.000E+00  0.000
415.0  0.000E+00  0.000
420.0  0.000E+00  0.000
425.0  0.000E+00  0.000
430.0  0.000E+00  0.000
435.0  0.000E+00  0.000
440.0  0.000E+00  0.000
445.0  0.000E+00  0.000
450.0  0.000E+00  0.000
455.0  0.000E+00  0.000
460.0  0.000E+00  0.000
465.0  0.000E+00  0.000
470.0  0.000E+00  0.000
475.0  0.000E+00  0.000
480.0  0.000E+00  0.000
485.0  0.000E+00  0.000
490.0  0.000E+00  0.000
495.0  0.000E+00  0.000
500.0  0.000E+00  0.000
505.0  0.000E+00  0.000
510.0  0.000E+00  0.000
515.0  0.000E+00  0.000
520.0  0.000E+00  0.000
525.0  0.000E+00  0.000
530.0  0.000E+00  0.000
535.0  0.000E+00  0.000
540.0  0.000E+00  0.000
545.0  0.000E+00  0.000
550.0  0.000E+00  0.000
555.0  0.000E+00  0.000
560.0  0.000E+00  0.000
565.0  0.000E+00  0.000
570.0  0.000E+00  0.000
575.0  0.000E+00  0.000
580.0  0.000E+00  0.000
585.0  0.000E+00  0.000
590.0  0.000E+00  0.000
595.0  0.000E+00  0.000
600.0  0.000E+00  0.000
605.0  0.000E+00  0.000
610.0  0.000E+00  0.000
615.0  0.000E+00  0.000
620.0  0.000E+00  0.000
625.0  0.000E+00  0.000
630.0  0.000E+00  0.000
635.0  0.000E+00  0.000
640.0  0.000E+00  0.000
644.8  0.000E+00  0.000
651.0  0.000E+00  0.000
660.0  0.000E+00  0.000
670.0  0.000E+00  0.000
680.0  0.000E+00  0.000
690.0  0.000E+00  0.000
700.0  0.000E+00  0.000
710.0  0.000E+00  0.000
720.0  0.000E+00  0.000
730.0  0.000E+00  0.000
