CLACET          
! Chloroacetone absorption cross sections                                        
! Chloroacetone absorption cross sections                                        
!                                                                                
Points (the mechanism evaluated with this format)                                
! With FAC, units are (cm^2/molecule)                                            
FAC=1.0                                                                          
280.0 9.030E-20 1.0000
281.0 9.230E-20 1.0000
282.0 9.410E-20 1.0000
283.0 9.560E-20 1.0000
284.0 9.690E-20 1.0000
285.0 9.800E-20 1.0000
286.0 9.890E-20 1.0000
287.0 9.980E-20 1.0000
288.0 1.000E-19 1.0000
289.0 1.010E-19 1.0000
290.0 1.020E-19 1.0000
291.0 1.020E-19 1.0000
292.0 1.020E-19 1.0000
293.0 1.020E-19 1.0000
294.0 1.010E-19 1.0000
295.0 1.000E-19 1.0000
296.0 9.890E-20 1.0000
297.0 9.770E-20 1.0000
298.0 9.660E-20 1.0000
299.0 9.540E-20 1.0000
300.0 9.410E-20 1.0000
301.0 9.250E-20 1.0000
302.0 9.040E-20 1.0000
303.0 8.800E-20 1.0000
304.0 8.530E-20 1.0000
305.0 8.240E-20 1.0000
306.0 7.940E-20 1.0000
307.0 7.630E-20 1.0000
308.0 7.340E-20 1.0000
309.0 7.060E-20 1.0000
310.0 6.770E-20 1.0000
311.0 6.500E-20 1.0000
312.0 6.220E-20 1.0000
313.0 5.930E-20 1.0000
314.0 5.610E-20 1.0000
315.0 5.280E-20 1.0000
316.0 4.920E-20 1.0000
317.0 4.570E-20 1.0000
318.0 4.220E-20 1.0000
319.0 3.890E-20 1.0000
320.0 3.580E-20 1.0000
321.0 3.300E-20 1.0000
322.0 3.040E-20 1.0000
323.0 2.800E-20 1.0000
324.0 2.580E-20 1.0000
325.0 2.370E-20 1.0000
326.0 2.160E-20 1.0000
327.0 1.950E-20 1.0000
328.0 1.730E-20 1.0000
329.0 1.520E-20 1.0000
330.0 1.330E-20 1.0000
331.0 1.140E-20 1.0000
332.0 9.790E-21 1.0000
333.0 8.320E-21 1.0000
334.0 7.070E-21 1.0000
335.0 5.980E-21 1.0000
336.0 5.060E-21 1.0000
337.0 4.270E-21 1.0000
338.0 3.610E-21 1.0000
339.0 3.020E-21 1.0000
340.0 2.520E-21 1.0000
341.0 2.120E-21 1.0000
342.0 1.760E-21 1.0000
343.0 1.450E-21 1.0000
344.0 1.200E-21 1.0000
345.0 1.030E-21 1.0000
346.0 8.870E-22 1.0000
347.0 7.570E-22 1.0000
348.0 6.420E-22 1.0000
349.0 5.470E-22 1.0000
350.0 4.580E-22 1.0000
351.0 4.110E-22 1.0000
352.0 3.280E-22 1.0000
353.0 3.190E-22 1.0000
354.0 2.200E-22 1.0000
355.0 1.930E-22 1.0000
356.0 1.380E-22 1.0000
357.0 1.340E-22 1.0000
358.0 9.170E-23 1.0000
359.0 1.550E-22 1.0000
360.0 1.280E-22 1.0000
365.0 0.000E+00 1.0000
