HCHOrad_RADM88
! Formaldehyde Photolysis to radical (HCHOrad)
! HCHO + hv -> H + HCO     
! Abs CS:  Avg of Moortgat et al. [1980,1983] and Bass et al. [1980]
! QY from Moortgat et al. [1983]; Horowitz and Calvert [1978]
! format:  wl, abs_cs, qy
Beginning
! With FAC, units are (cm^2/molecule)
FAC=1.0
 246.914  0.000E+00  5.671E-03
 250.000  3.910E-22  3.405E-01
 253.165  1.183E-21  3.228E-01
 256.410  2.807E-21  3.169E-01
 259.740  5.063E-21  3.194E-01
 263.158  5.548E-21  3.325E-01
 266.667  9.348E-21  3.647E-01
 270.270  1.160E-20  4.055E-01
 273.973  1.602E-20  4.556E-01
 277.778  1.584E-20  5.223E-01
 281.690  2.267E-20  6.061E-01
 285.714  2.126E-20  6.805E-01
 289.855  2.264E-20  7.243E-01
 294.118  2.988E-20  7.423E-01
 298.500  1.523E-20  7.502E-01
 302.500  2.281E-20  7.530E-01
 303.500  6.326E-20  7.540E-01
 304.500  4.668E-20  7.548E-01
 305.500  4.497E-20  7.540E-01
 306.500  2.035E-20  7.530E-01
 307.500  1.412E-20  7.520E-01
 308.500  2.959E-20  7.510E-01
 309.500  1.745E-20  7.495E-01
 310.500  7.280E-21  7.450E-01
 311.500  1.340E-20  7.396E-01
 312.500  1.247E-20  7.317E-01
 313.500  3.917E-20  7.233E-01
 314.500  3.947E-20  6.903E-01
 317.500  1.526E-20  5.931E-01
 322.500  2.110E-20  4.581E-01
 327.500  1.923E-20  3.050E-01
 332.500  2.134E-21  1.223E-01
 337.500  1.632E-20  3.429E-03
 342.500  6.668E-21  0.000E+00
 347.500  1.519E-21  0.000E+00
 352.500  7.166E-21  0.000E+00
 357.500  9.075E-23  0.000E+00
 362.500  0.000E+00  0.000E+00
