PAN_IUPAC04
!CH3C(O)OONO2 + HV = CH3C(O)OO + NO2
! From IUPAC Subcommittee on Gas Kinetic Data Evaluation
! Data Sheet P21_CH3C(O)OONO2+hv, updated 16th July 2001 
! Website: http://www.iupac-kinetic.ch.cam.ac.uk/
POINT (These are point values)
! With FAC, units are (cm^2/molecule)
FAC=1.0
280.0  1.460E-20  1.0
282.0  1.210E-20  1.0
284.0  1.010E-20  1.0
286.0  8.100E-21  1.0
288.0  6.480E-21  1.0
290.0  5.370E-21  1.0
292.0  4.470E-21  1.0
294.0  3.690E-21  1.0
296.0  2.970E-21  1.0
298.0  2.450E-21  1.0
300.0  1.890E-21  1.0
302.0  1.520E-21  1.0
304.0  1.250E-21  1.0
306.0  9.980E-22  1.0
308.0  8.160E-22  1.0
310.0  6.660E-22  1.0
312.0  5.380E-22  1.0
314.0  4.620E-22  1.0
316.0  3.630E-22  1.0
318.0  3.000E-22  1.0
320.0  2.520E-22  1.0
322.0  1.990E-22  1.0
324.0  1.660E-22  1.0
326.0  1.400E-22  1.0
328.0  1.170E-22  1.0
330.0  1.060E-22  1.0
332.0  8.570E-23  1.0
334.0  6.760E-23  1.0
336.0  6.150E-23  1.0
338.0  5.260E-23  1.0
340.0  5.020E-23  1.0
342.0  3.600E-23  1.0
344.0  2.410E-23  1.0
346.0  2.310E-23  1.0
348.0  2.470E-23  1.0
350.0  1.650E-23  1.0
351.0  0.0        1.0
